0.000000000000000000e+00,1.569261387388834195e-01
3.078119999999999834e+01,1.569455822512049736e-01
6.156239999999999668e+01,1.569855630022939930e-01
9.234359999999999502e+01,1.574236243492382059e-01
1.231247999999999934e+02,1.578172410208939502e-01
1.539060000000000059e+02,1.578106699715010608e-01
1.846871999999999900e+02,1.580667392665068838e-01
2.154683999999999742e+02,1.581592930481715287e-01
2.462495999999999867e+02,1.581087455706264300e-01
2.770307999999999993e+02,1.580966823730698689e-01
3.078120000000000118e+02,1.577558467769659134e-01
3.385931999999999675e+02,1.577844452219543392e-01
3.693743999999999801e+02,1.577750245762573889e-01
4.001555999999999926e+02,1.578452033643001073e-01
4.309367999999999483e+02,1.579121863804376635e-01
4.617179999999999609e+02,1.585912593977326090e-01
4.924991999999999734e+02,1.589039910615426543e-01
5.232803999999999860e+02,1.591219096788857312e-01
5.540615999999999985e+02,1.588041428195292870e-01
5.848428000000000111e+02,1.587338312243447846e-01
6.156240000000000236e+02,1.590825734360680199e-01
6.464051999999999225e+02,1.593425775165786540e-01
6.771863999999999351e+02,1.595608907223678152e-01
7.079675999999999476e+02,1.597246878577807672e-01
7.387487999999999602e+02,1.593845509058877952e-01
7.695299999999999727e+02,1.594516793398849108e-01
8.003111999999999853e+02,1.591492288192325744e-01
8.310923999999999978e+02,1.582751205159549091e-01
8.618735999999998967e+02,1.578558121315372098e-01
8.926547999999999092e+02,1.583512993369506350e-01
9.234359999999999218e+02,1.583575271864717249e-01
9.542171999999999343e+02,1.583587780044283522e-01
9.849983999999999469e+02,1.580133603019546473e-01
1.015779599999999959e+03,1.581833128645681597e-01
1.046560799999999972e+03,1.582673213283592450e-01
1.077341999999999871e+03,1.580064016549884431e-01
1.108123199999999997e+03,1.578555121862394994e-01
1.138904399999999896e+03,1.580843024005862962e-01
1.169685600000000022e+03,1.579930512653264507e-01
1.200466799999999921e+03,1.581327361630592288e-01
1.231248000000000047e+03,1.580222926810088968e-01
1.262029199999999946e+03,1.581205196230800192e-01
1.292810399999999845e+03,1.582655520447318609e-01
1.323591599999999971e+03,1.585664782822955865e-01
1.354372799999999870e+03,1.585967643948886785e-01
1.385153999999999996e+03,1.584663128761689965e-01
1.415935199999999895e+03,1.581790992883069791e-01
1.446716400000000021e+03,1.577128239405391763e-01
1.477497599999999920e+03,1.572611190887867882e-01
1.508278799999999819e+03,1.570036192468451663e-01
1.539059999999999945e+03,1.570986825957257360e-01
1.569841199999999844e+03,1.567556754857037937e-01
1.600622399999999971e+03,1.567373564112585493e-01
1.631403599999999869e+03,1.566796882924141043e-01
1.662184799999999996e+03,1.565522643499504540e-01
1.692965999999999894e+03,1.564701037869493938e-01
1.723747199999999793e+03,1.562975330143773767e-01
1.754528399999999920e+03,1.565294466836131271e-01
1.785309599999999818e+03,1.570602305598177706e-01
1.816090799999999945e+03,1.576589179067993118e-01
1.846871999999999844e+03,1.580613617674773153e-01
1.877653199999999970e+03,1.579250578139371752e-01
1.908434399999999869e+03,1.577453099670611536e-01
1.939215599999999995e+03,1.578371953837456598e-01
1.969996799999999894e+03,1.576275944817033814e-01
2.000777999999999793e+03,1.579279597271900371e-01
2.031559199999999919e+03,1.584272504022491701e-01
2.062340400000000045e+03,1.583430840654288241e-01
2.093121599999999944e+03,1.585097196103515127e-01
2.123902799999999843e+03,1.583714966478785846e-01
2.154683999999999742e+03,1.585007229751338176e-01
2.185465200000000095e+03,1.586071222096313016e-01
2.216246399999999994e+03,1.583943943016686284e-01
2.247027599999999893e+03,1.578729684657951826e-01
2.277808799999999792e+03,1.572706421769872465e-01
2.308589999999999691e+03,1.569735730742899404e-01
2.339371200000000044e+03,1.569019413834497889e-01
2.370152399999999943e+03,1.567538599026961355e-01
2.400933599999999842e+03,1.569457840088001599e-01
2.431714799999999741e+03,1.569184594854165227e-01
2.462496000000000095e+03,1.568213828511189623e-01
2.493277199999999993e+03,1.570861349899038417e-01
2.524058399999999892e+03,1.569213366430950163e-01
2.554839599999999791e+03,1.562262779266601898e-01
2.585620799999999690e+03,1.561067065734127735e-01
2.616402000000000044e+03,1.559479528765435330e-01
2.647183199999999943e+03,1.559716055635340659e-01
2.677964399999999841e+03,1.559268587545757923e-01
2.708745599999999740e+03,1.559159453451940403e-01
2.739526799999999639e+03,1.560004289730541061e-01
2.770307999999999993e+03,1.560273914414711249e-01
2.801089199999999892e+03,1.562894684432890036e-01
2.831870399999999790e+03,1.561597557312592588e-01
2.862651599999999689e+03,1.558312214201989510e-01
2.893432800000000043e+03,1.558612822938316711e-01
2.924213999999999942e+03,1.555285299700387702e-01
2.954995199999999841e+03,1.552217620262674180e-01
2.985776399999999740e+03,1.551999336903236437e-01
3.016557599999999638e+03,1.550476116962035411e-01
3.047338799999999992e+03,1.549181255685704861e-01
3.078119999999999891e+03,1.549081813121694906e-01
3.108901199999999790e+03,1.552530299910711564e-01
3.139682399999999689e+03,1.555309829899709229e-01
3.170463600000000042e+03,1.560031256071960082e-01
3.201244799999999941e+03,1.562257716444878097e-01
3.232025999999999840e+03,1.559939066266774754e-01
3.262807199999999739e+03,1.557220578568515590e-01
3.293588399999999638e+03,1.557817092751762889e-01
3.324369599999999991e+03,1.561035380315842769e-01
3.355150799999999890e+03,1.563475714258135141e-01
3.385931999999999789e+03,1.563260879937038716e-01
3.416713199999999688e+03,1.562148455950338188e-01
3.447494399999999587e+03,1.562754608633540321e-01
3.478275599999999940e+03,1.562509089715439503e-01
3.509056799999999839e+03,1.563549506827093816e-01
3.539837999999999738e+03,1.561728115560150343e-01
3.570619199999999637e+03,1.561576587511271097e-01
3.601400399999999991e+03,1.560933777949177204e-01
3.632181599999999889e+03,1.563753263077867772e-01
3.662962799999999788e+03,1.564037110275531828e-01
3.693743999999999687e+03,1.563995872054221858e-01
3.724525199999999586e+03,1.564071154052135981e-01
3.755306399999999940e+03,1.565913452405708894e-01
3.786087599999999838e+03,1.571878325119210884e-01
3.816868799999999737e+03,1.577412082646925118e-01
3.847649999999999636e+03,1.580423483310359478e-01
3.878431199999999990e+03,1.584559830203160213e-01
3.909212399999999889e+03,1.590358204112161666e-01
3.939993599999999788e+03,1.596160870198420623e-01
3.970774799999999686e+03,1.605449363014187225e-01
4.001555999999999585e+03,1.608772253804738317e-01
4.032337199999999939e+03,1.609848448658678099e-01
4.063118399999999838e+03,1.610688755733836741e-01
4.093899599999999737e+03,1.611135500715642488e-01
4.124680800000000090e+03,1.616108348559189833e-01
4.155461999999999534e+03,1.614472474798164248e-01
4.186243199999999888e+03,1.615514131178305834e-01
4.217024399999999332e+03,1.613689214876091460e-01
4.247805599999999686e+03,1.616606041419892392e-01
4.278586800000000039e+03,1.622464248224289862e-01
4.309367999999999483e+03,1.625612260865623160e-01
4.340149199999999837e+03,1.612606423982876624e-01
4.370930400000000191e+03,1.604140728764105184e-01
4.401711599999999635e+03,1.601252624903077570e-01
4.432492799999999988e+03,1.599771186835043657e-01
4.463273999999999432e+03,1.595030943389719735e-01
4.494055199999999786e+03,1.593451425910227537e-01
4.524836400000000140e+03,1.592564535032710005e-01
4.555617599999999584e+03,1.588262662061304675e-01
4.586398799999999937e+03,1.587188435706985423e-01
4.617179999999999382e+03,1.592104285704119826e-01
4.647961199999999735e+03,1.592260075735915659e-01
4.678742400000000089e+03,1.584533849008932516e-01
4.709523599999999533e+03,1.582785631254053360e-01
4.740304799999999886e+03,1.577777538444834204e-01
4.771085999999999331e+03,1.577093824293849256e-01
4.801867199999999684e+03,1.581289600746078328e-01
4.832648400000000038e+03,1.586427267452471257e-01
4.863429599999999482e+03,1.587719481708331770e-01
4.894210799999999836e+03,1.587213937104132999e-01
4.924992000000000189e+03,1.591071314195628417e-01
4.955773199999999633e+03,1.588664570298168599e-01
4.986554399999999987e+03,1.585458451616607312e-01
5.017335599999999431e+03,1.582196901697359714e-01
5.048116799999999785e+03,1.581129595029124313e-01
5.078898000000000138e+03,1.577660838605662863e-01
5.109679199999999582e+03,1.575222308799458515e-01
5.140460399999999936e+03,1.580232834113262375e-01
5.171241599999999380e+03,1.581448901358592785e-01
5.202022799999999734e+03,1.581574862708352847e-01
5.232804000000000087e+03,1.583515540229446794e-01
5.263585199999999531e+03,1.585364647394941762e-01
5.294366399999999885e+03,1.584939624908529576e-01
5.325147599999999329e+03,1.580190017499540356e-01
5.355928799999999683e+03,1.577632284394522022e-01
5.386710000000000036e+03,1.573928844831070095e-01
5.417491199999999480e+03,1.570034417331757637e-01
5.448272399999999834e+03,1.572799339519295181e-01
5.479053599999999278e+03,1.571503350709216040e-01
5.509834799999999632e+03,1.568407351996917998e-01
5.540615999999999985e+03,1.570925350066897652e-01
5.571397199999999430e+03,1.573494567060382543e-01
5.602178399999999783e+03,1.570159331712566719e-01
5.632959600000000137e+03,1.568667148580411841e-01
5.663740799999999581e+03,1.569920987603992679e-01
5.694521999999999935e+03,1.569818452880863691e-01
5.725303199999999379e+03,1.572091021392416077e-01
5.756084399999999732e+03,1.573872850610634200e-01
5.786865600000000086e+03,1.571614755880093028e-01
5.817646799999999530e+03,1.569375436626352371e-01
5.848427999999999884e+03,1.570677249375801443e-01
5.879209199999999328e+03,1.571596610542124184e-01
5.909990399999999681e+03,1.569272997634734435e-01
5.940771600000000035e+03,1.571584743104792736e-01
5.971552799999999479e+03,1.569698112458564609e-01
6.002333999999999833e+03,1.574193962989435536e-01
6.033115199999999277e+03,1.576104677572844892e-01
6.063896399999999630e+03,1.571132947986291217e-01
6.094677599999999984e+03,1.567499441652661363e-01
6.125458799999999428e+03,1.559598520279501244e-01
6.156239999999999782e+03,1.553350150016367670e-01
6.187021199999999226e+03,1.549066345412689061e-01
6.217802399999999579e+03,1.550889287709955044e-01
6.248583599999999933e+03,1.553785889382773011e-01
6.279364799999999377e+03,1.556534656056289545e-01
6.310145999999999731e+03,1.552366705813716663e-01
6.340927200000000084e+03,1.546826554511775142e-01
6.371708399999999529e+03,1.547956097824330080e-01
6.402489599999999882e+03,1.552047427282500225e-01
6.433270799999999326e+03,1.552166437446213798e-01
6.464051999999999680e+03,1.553632992613526997e-01
6.494833200000000033e+03,1.552664568803619749e-01
6.525614399999999478e+03,1.552483052419187382e-01
6.556395599999999831e+03,1.553508858445671603e-01
6.587176799999999275e+03,1.554608544798261327e-01
6.617957999999999629e+03,1.559687091640837853e-01
6.648739199999999983e+03,1.558459909401568311e-01
6.679520399999999427e+03,1.556041602536153146e-01
6.710301599999999780e+03,1.553566367408525106e-01
6.741082799999999224e+03,1.553641906737910083e-01
6.771863999999999578e+03,1.550502006784672815e-01
6.802645199999999932e+03,1.547315361940896916e-01
6.833426399999999376e+03,1.542596430717252942e-01
6.864207599999999729e+03,1.541553489625505091e-01
6.894988799999999173e+03,1.543572891525225588e-01
6.925769999999999527e+03,1.540922602983347545e-01
6.956551199999999881e+03,1.536534698039325186e-01
6.987332399999999325e+03,1.533009222514044034e-01
7.018113599999999678e+03,1.532689896365025672e-01
7.048894800000000032e+03,1.528689430962535400e-01
7.079675999999999476e+03,1.524521510934747082e-01
7.110457199999999830e+03,1.521188556033188366e-01
7.141238399999999274e+03,1.520881688393903863e-01
7.172019599999999627e+03,1.518627674205348388e-01
7.202800799999999981e+03,1.520215933372420780e-01
7.233581999999999425e+03,1.523965363039655740e-01
7.264363199999999779e+03,1.527056746530832954e-01
7.295144399999999223e+03,1.528063164852117573e-01
7.325925599999999577e+03,1.527277521014251405e-01
7.356706799999999930e+03,1.529301693820959429e-01
7.387487999999999374e+03,1.530208977221085564e-01
7.418269199999999728e+03,1.529192137702533871e-01
7.449050399999999172e+03,1.527552664370419033e-01
7.479831599999999526e+03,1.531637918933331510e-01
7.510612799999999879e+03,1.537684896912388244e-01
7.541393999999999323e+03,1.539475806468750541e-01
7.572175199999999677e+03,1.546180659806931645e-01
7.602956400000000031e+03,1.548611922253278483e-01
7.633737599999999475e+03,1.548456530285927946e-01
7.664518799999999828e+03,1.548938474490021422e-01
7.695299999999999272e+03,1.551328031222606874e-01
7.726081199999999626e+03,1.553608657262840198e-01
7.756862399999999980e+03,1.552942322985341184e-01
7.787643599999999424e+03,1.557624148160791089e-01
7.818424799999999777e+03,1.562973815209990069e-01
7.849205999999999221e+03,1.566857573669178660e-01
7.879987199999999575e+03,1.563542403022540328e-01
7.910768399999999929e+03,1.562823673659584633e-01
7.941549599999999373e+03,1.561689759519723220e-01
7.972330799999999726e+03,1.564061441912683315e-01
8.003111999999999171e+03,1.565017476613175529e-01
8.033893199999999524e+03,1.564754421847271704e-01
8.064674399999999878e+03,1.567471189939700915e-01
8.095455599999999322e+03,1.574013570678154394e-01
8.126236799999999675e+03,1.576071378402030820e-01
8.157017999999999120e+03,1.575472125635768994e-01
8.187799199999999473e+03,1.583616155636224654e-01
8.218580399999998917e+03,1.585348979429513916e-01
8.249361600000000180e+03,1.588743928442909459e-01
8.280142799999999625e+03,1.592285184986830804e-01
8.310923999999999069e+03,1.590993642208690662e-01
8.341705200000000332e+03,1.590898105243283012e-01
8.372486399999999776e+03,1.589875828535701752e-01
8.403267599999999220e+03,1.583976219090087456e-01
8.434048799999998664e+03,1.573899605837897064e-01
8.464829999999999927e+03,1.567833383367686073e-01
8.495611199999999371e+03,1.562026973799779672e-01
8.526392399999998815e+03,1.557034760963602604e-01
8.557173600000000079e+03,1.553358519564788098e-01
8.587954799999999523e+03,1.546895296909519268e-01
8.618735999999998967e+03,1.540841384447459439e-01
8.649517200000000230e+03,1.534267116341613002e-01
8.680298399999999674e+03,1.532330021147322308e-01
8.711079599999999118e+03,1.532411715647135353e-01
8.741860800000000381e+03,1.527240638182880417e-01
8.772641999999999825e+03,1.526520194520263052e-01
8.803423199999999269e+03,1.524628130517046154e-01
8.834204399999998714e+03,1.525682665276993366e-01
8.864985599999999977e+03,1.525558674662045866e-01
8.895766799999999421e+03,1.527565465669911138e-01
8.926547999999998865e+03,1.526174341004511992e-01
8.957329200000000128e+03,1.527654982588180499e-01
8.988110399999999572e+03,1.530944726870336059e-01
9.018891599999999016e+03,1.530348826672893459e-01
9.049672800000000279e+03,1.530449103311768977e-01
9.080453999999999724e+03,1.529211419388166182e-01
9.111235199999999168e+03,1.528787434063055006e-01
9.142016399999998612e+03,1.527205665524125899e-01
9.172797599999999875e+03,1.530148240268796311e-01
9.203578799999999319e+03,1.529126638344711631e-01
9.234359999999998763e+03,1.535554912913086045e-01
9.265141200000000026e+03,1.538036729534638658e-01
9.295922399999999470e+03,1.538884577677785970e-01
9.326703599999998914e+03,1.543053822047860402e-01
9.357484800000000178e+03,1.538092076487258819e-01
9.388265999999999622e+03,1.536281042637489269e-01
9.419047199999999066e+03,1.534624896461760091e-01
9.449828400000000329e+03,1.533991505492688090e-01
9.480609599999999773e+03,1.532445085142582486e-01
9.511390799999999217e+03,1.531353441259516446e-01
9.542171999999998661e+03,1.532925618529991929e-01
9.572953199999999924e+03,1.533152553537558693e-01
9.603734399999999368e+03,1.537757219214328785e-01
9.634515599999998813e+03,1.542678913430083065e-01
9.665296800000000076e+03,1.534164896450617155e-01
9.696077999999999520e+03,1.529200625424619597e-01
9.726859199999998964e+03,1.527652541741488790e-01
9.757640400000000227e+03,1.532834321257504351e-01
9.788421599999999671e+03,1.539494124161543964e-01
9.819202799999999115e+03,1.537299987678032720e-01
9.849984000000000378e+03,1.538470324831702762e-01
9.880765199999999822e+03,1.543244988064714218e-01
9.911546399999999267e+03,1.548995353276160780e-01
9.942327599999998711e+03,1.558733282646038165e-01
9.973108799999999974e+03,1.560259237375958563e-01
1.000388999999999942e+04,1.558626058565043548e-01
1.003467119999999886e+04,1.558561242193498841e-01
1.006545240000000013e+04,1.553622607427689595e-01
1.009623359999999957e+04,1.552269638193172485e-01
1.012701479999999901e+04,1.552440105219740352e-01
1.015779600000000028e+04,1.552641464145830263e-01
1.018857719999999972e+04,1.555670170282064668e-01
1.021935839999999916e+04,1.559672158411041232e-01
1.025013959999999861e+04,1.564063477859953255e-01
1.028092079999999987e+04,1.562593359355660128e-01
1.031170199999999932e+04,1.565936655198569283e-01
1.034248319999999876e+04,1.564992808885447007e-01
1.037326440000000002e+04,1.561850304591670957e-01
1.040404559999999947e+04,1.555752370357245118e-01
1.043482679999999891e+04,1.551200353114422781e-01
1.046560800000000017e+04,1.543369123473811444e-01
1.049638919999999962e+04,1.541969172383250153e-01
1.052717039999999906e+04,1.540837204800157845e-01
1.055795160000000033e+04,1.545771033967875130e-01
1.058873279999999977e+04,1.542377748492784473e-01
1.061951399999999921e+04,1.537209275638166672e-01
1.065029519999999866e+04,1.538790939044671624e-01
1.068107639999999992e+04,1.539831411913352155e-01
1.071185759999999937e+04,1.541239181874877739e-01
1.074263879999999881e+04,1.539434792575898603e-01
1.077342000000000007e+04,1.538518735018543637e-01
1.080420119999999952e+04,1.536480440612314480e-01
1.083498239999999896e+04,1.533900540291388281e-01
1.086576360000000022e+04,1.533328788711313950e-01
1.089654479999999967e+04,1.533530275746713967e-01
1.092732599999999911e+04,1.532514980400581650e-01
1.095810719999999856e+04,1.525739703615481835e-01
1.098888839999999982e+04,1.518832536451670545e-01
1.101966959999999926e+04,1.520269270001408379e-01
1.105045079999999871e+04,1.519792526427382884e-01
1.108123199999999997e+04,1.519784451418811078e-01
1.111201319999999942e+04,1.516736941909801739e-01
1.114279439999999886e+04,1.518605284319682058e-01
1.117357560000000012e+04,1.522491899951249061e-01
1.120435679999999957e+04,1.519633932002955601e-01
1.123513799999999901e+04,1.517544570657035907e-01
1.126591920000000027e+04,1.516956109084466320e-01
1.129670039999999972e+04,1.515069855676632049e-01
1.132748159999999916e+04,1.514636857382209434e-01
1.135826279999999861e+04,1.514475841507405551e-01
1.138904399999999987e+04,1.513625266025051819e-01
1.141982519999999931e+04,1.510407372610621524e-01
1.145060639999999876e+04,1.503484993632286659e-01
1.148138760000000002e+04,1.502395654643698120e-01
1.151216879999999946e+04,1.501213595223110098e-01
1.154294999999999891e+04,1.495858537489558604e-01
1.157373120000000017e+04,1.492302260181589679e-01
1.160451239999999962e+04,1.493756809789946738e-01
1.163529359999999906e+04,1.493622296872803568e-01
1.166607479999999850e+04,1.491549581343978303e-01
1.169685599999999977e+04,1.486642374689324808e-01
1.172763719999999921e+04,1.481688925977918403e-01
1.175841839999999866e+04,1.479776774520716875e-01
1.178919959999999992e+04,1.477414498876207793e-01
1.181998079999999936e+04,1.479846301985611179e-01
1.185076199999999881e+04,1.479326011459554391e-01
1.188154320000000007e+04,1.477438147538826241e-01
1.191232439999999951e+04,1.475724207957630207e-01
1.194310559999999896e+04,1.475067372870736970e-01
1.197388680000000022e+04,1.474715487722493279e-01
1.200466799999999967e+04,1.477584286120585677e-01
1.203544919999999911e+04,1.476761559422312686e-01
1.206623039999999855e+04,1.477465223867322208e-01
1.209701159999999982e+04,1.481839471667462105e-01
1.212779279999999926e+04,1.483113369686614724e-01
1.215857399999999870e+04,1.484633067743175439e-01
1.218935519999999997e+04,1.482161511174953650e-01
1.222013639999999941e+04,1.480298164632861402e-01
1.225091759999999886e+04,1.482751808138325078e-01
1.228169880000000012e+04,1.481361103145396318e-01
1.231247999999999956e+04,1.486498521263865669e-01
1.234326119999999901e+04,1.487076360693203037e-01
1.237404239999999845e+04,1.489116144081394921e-01
1.240482359999999971e+04,1.490272420460662106e-01
1.243560479999999916e+04,1.492409005049283310e-01
1.246638599999999860e+04,1.492910652087154622e-01
1.249716719999999987e+04,1.492804447325186967e-01
1.252794839999999931e+04,1.490628490020639019e-01
1.255872959999999875e+04,1.487604871477012369e-01
1.258951080000000002e+04,1.484796091660364747e-01
1.262029199999999946e+04,1.488393866162764090e-01
1.265107319999999891e+04,1.484866418012472100e-01
1.268185440000000017e+04,1.482514108788743346e-01
1.271263559999999961e+04,1.480135618174910628e-01
1.274341679999999906e+04,1.480942916373915452e-01
1.277419799999999850e+04,1.488463170966156657e-01
1.280497919999999976e+04,1.494417876082006769e-01
1.283576039999999921e+04,1.500586030168134799e-01
1.286654159999999865e+04,1.497919485872644674e-01
1.289732279999999992e+04,1.495373176632758261e-01
1.292810399999999936e+04,1.493981436428600540e-01
1.295888519999999880e+04,1.493128203898573814e-01
1.298966640000000007e+04,1.493574727639846444e-01
1.302044759999999951e+04,1.488129974251899412e-01
1.305122879999999896e+04,1.485954286830149518e-01
1.308200999999999840e+04,1.486135818899027849e-01
1.311279119999999966e+04,1.485627522883264107e-01
1.314357239999999911e+04,1.488787766864217987e-01
1.317435359999999855e+04,1.487822428400298325e-01
1.320513479999999981e+04,1.487789119877351574e-01
1.323591599999999926e+04,1.491421800465576597e-01
1.326669719999999870e+04,1.499393002449570522e-01
1.329747839999999997e+04,1.500959361212312881e-01
1.332825959999999941e+04,1.498487547639760220e-01
1.335904079999999885e+04,1.493192421515777413e-01
1.338982200000000012e+04,1.488104348533932919e-01
1.342060319999999956e+04,1.485700147896831247e-01
1.345138439999999900e+04,1.484850595567769327e-01
1.348216559999999845e+04,1.486651354308098361e-01
1.351294679999999971e+04,1.489418961210317027e-01
1.354372799999999916e+04,1.489454218584836953e-01
1.357450919999999860e+04,1.490094881918144210e-01
1.360529039999999986e+04,1.492473951631032025e-01
1.363607159999999931e+04,1.489333397811851423e-01
1.366685279999999875e+04,1.486459591845055161e-01
1.369763400000000001e+04,1.487314647941046786e-01
1.372841519999999946e+04,1.488370065472252868e-01
1.375919639999999890e+04,1.489537938501452607e-01
1.378997759999999835e+04,1.488272729971766295e-01
1.382075879999999961e+04,1.490340041284780592e-01
1.385153999999999905e+04,1.489623278492145098e-01
1.388232119999999850e+04,1.489209722347342169e-01
1.391310239999999976e+04,1.487846013157082814e-01
1.394388359999999921e+04,1.487341865515866557e-01
1.397466479999999865e+04,1.486366471035836800e-01
1.400544599999999991e+04,1.485115968614826309e-01
1.403622719999999936e+04,1.485841716949539149e-01
1.406700839999999880e+04,1.479265679454765947e-01
1.409778960000000006e+04,1.475443605845354333e-01
1.412857079999999951e+04,1.473807543751194937e-01
1.415935199999999895e+04,1.473664191863439110e-01
1.419013319999999840e+04,1.476110184844065809e-01
1.422091439999999966e+04,1.477279525375993774e-01
1.425169559999999910e+04,1.478322970690510718e-01
1.428247679999999855e+04,1.476238751758621737e-01
1.431325799999999981e+04,1.479410022928571711e-01
1.434403919999999925e+04,1.481980752159039183e-01
1.437482039999999870e+04,1.485325003566542457e-01
1.440560159999999996e+04,1.486570490070482364e-01
1.443638279999999941e+04,1.483192454333525923e-01
1.446716399999999885e+04,1.484432300397698634e-01
1.449794520000000011e+04,1.485898416717136294e-01
1.452872639999999956e+04,1.485586690189873438e-01
1.455950759999999900e+04,1.486351136140957596e-01
1.459028879999999845e+04,1.486100061468327849e-01
1.462106999999999971e+04,1.485076207755308408e-01
1.465185119999999915e+04,1.485085922681683712e-01
1.468263239999999860e+04,1.482516247988081293e-01
1.471341359999999986e+04,1.480008926019978632e-01
1.474419479999999930e+04,1.480711921588006019e-01
1.477497599999999875e+04,1.479068979712540310e-01
1.480575720000000001e+04,1.480185207888027044e-01
1.483653839999999946e+04,1.481705331350192667e-01
1.486731959999999890e+04,1.482707736935890419e-01
1.489810079999999834e+04,1.482233794916635594e-01
1.492888199999999961e+04,1.483287144480360253e-01
1.495966319999999905e+04,1.479559079057386484e-01
1.499044439999999850e+04,1.480013321416945582e-01
1.502122559999999976e+04,1.479131370820172542e-01
1.505200679999999920e+04,1.482279391933387647e-01
1.508278799999999865e+04,1.481462403987116871e-01
1.511356919999999991e+04,1.481908990033962703e-01
1.514435039999999935e+04,1.481148443897438438e-01
1.517513159999999880e+04,1.483352233082095295e-01
1.520591280000000006e+04,1.483867106329357088e-01
1.523669399999999951e+04,1.483626987485636706e-01
1.526747519999999895e+04,1.480379881387747509e-01
1.529825639999999839e+04,1.476515975563683636e-01
1.532903759999999966e+04,1.471060792530402006e-01
1.535981879999999910e+04,1.469741535206093019e-01
1.539059999999999854e+04,1.475241839879822270e-01
1.542138119999999981e+04,1.480067045228067868e-01
1.545216239999999925e+04,1.483931262886049596e-01
1.548294359999999870e+04,1.485495426008059672e-01
1.551372479999999996e+04,1.490054220810204111e-01
1.554450599999999940e+04,1.496231073324378047e-01
1.557528719999999885e+04,1.499089700585696516e-01
1.560606839999999829e+04,1.501069952037913102e-01
1.563684959999999955e+04,1.501782470580880491e-01
1.566763079999999900e+04,1.503205449862072274e-01
1.569841199999999844e+04,1.500098173762109410e-01
1.572919319999999971e+04,1.503337790959023146e-01
1.575997439999999915e+04,1.503470782065945421e-01
1.579075559999999859e+04,1.503136432344762408e-01
1.582153679999999986e+04,1.506970020148474809e-01
1.585231799999999930e+04,1.503250095717789947e-01
1.588309919999999875e+04,1.496206491637797620e-01
1.591388040000000001e+04,1.499630415749780843e-01
1.594466159999999945e+04,1.496224058006596358e-01
1.597544279999999890e+04,1.495475883834696817e-01
1.600622399999999834e+04,1.494610585108480383e-01
1.603700519999999960e+04,1.499670822693764394e-01
1.606778639999999905e+04,1.497828195253438910e-01
1.609856759999999849e+04,1.502132772382107906e-01
1.612934879999999976e+04,1.506118492053332703e-01
1.616012999999999920e+04,1.506880535464800996e-01
1.619091119999999864e+04,1.506598859491329045e-01
1.622169239999999991e+04,1.509634171969312100e-01
1.625247359999999935e+04,1.504810954981982418e-01
1.628325479999999880e+04,1.499375903564161006e-01
1.631403599999999824e+04,1.503400604064852597e-01
1.634481719999999950e+04,1.506955075594154647e-01
1.637559839999999895e+04,1.505388929862734038e-01
1.640637960000000021e+04,1.508535646457995205e-01
1.643716079999999783e+04,1.510761889892608956e-01
1.646794199999999910e+04,1.511683433130628085e-01
1.649872320000000036e+04,1.508963851180248894e-01
1.652950439999999799e+04,1.502446131954985609e-01
1.656028559999999925e+04,1.494195979560119791e-01
1.659106680000000051e+04,1.492151977436000643e-01
1.662184799999999814e+04,1.498934304388226391e-01
1.665262919999999940e+04,1.503494150408996310e-01
1.668341040000000066e+04,1.506427413240778446e-01
1.671419159999999829e+04,1.509137052658693912e-01
1.674497279999999955e+04,1.513140206177210623e-01
1.677575400000000081e+04,1.515747101230036087e-01
1.680653519999999844e+04,1.518256938813296320e-01
1.683731639999999970e+04,1.513232764839575750e-01
1.686809759999999733e+04,1.498249195534803457e-01
1.689887879999999859e+04,1.490381817775786599e-01
1.692965999999999985e+04,1.490985748036853797e-01
1.696044119999999748e+04,1.489170901864688146e-01
1.699122239999999874e+04,1.489107949615031123e-01
1.702200360000000001e+04,1.486941847563819641e-01
1.705278479999999763e+04,1.489631819875701646e-01
1.708356599999999889e+04,1.495186083577925429e-01
1.711434720000000016e+04,1.496395413506757255e-01
1.714512839999999778e+04,1.493233855435932844e-01
1.717590959999999905e+04,1.490959776565525252e-01
1.720669080000000031e+04,1.487645635531601174e-01
1.723747199999999793e+04,1.486102009114753097e-01
1.726825319999999920e+04,1.480457213716904474e-01
1.729903440000000046e+04,1.478491483498050318e-01
1.732981559999999808e+04,1.473749686554990113e-01
1.736059679999999935e+04,1.474450018873009194e-01
1.739137800000000061e+04,1.478398702272215870e-01
1.742215919999999824e+04,1.482256677452193083e-01
1.745294039999999950e+04,1.485377701295830799e-01
1.748372160000000076e+04,1.493789588158002390e-01
1.751450279999999839e+04,1.496415678068779009e-01
1.754528399999999965e+04,1.499998053319752944e-01
1.757606519999999728e+04,1.504988146943878335e-01
1.760684639999999854e+04,1.508909374187606123e-01
1.763762759999999980e+04,1.512938922814842102e-01
1.766840879999999743e+04,1.510588821825525618e-01
1.769918999999999869e+04,1.508412539286035359e-01
1.772997119999999995e+04,1.508884712422313146e-01
1.776075239999999758e+04,1.508692097518628816e-01
1.779153359999999884e+04,1.506952829702245533e-01
1.782231480000000010e+04,1.505822045741889992e-01
1.785309599999999773e+04,1.503913248022976934e-01
1.788387719999999899e+04,1.499203954978510778e-01
1.791465840000000026e+04,1.499888394784954226e-01
1.794543959999999788e+04,1.496566937096759642e-01
1.797622079999999914e+04,1.489566221604417540e-01
1.800700200000000041e+04,1.487172143683775649e-01
1.803778319999999803e+04,1.485482934101360619e-01
1.806856439999999930e+04,1.485479653201329242e-01
1.809934560000000056e+04,1.485898235433748549e-01
1.813012679999999818e+04,1.487675787406416983e-01
1.816090799999999945e+04,1.488443149467185700e-01
1.819168920000000071e+04,1.490878339260429120e-01
1.822247039999999834e+04,1.491927275135932762e-01
1.825325159999999960e+04,1.490745006957606977e-01
1.828403279999999722e+04,1.493927594219416621e-01
1.831481399999999849e+04,1.496002814449995666e-01
1.834559519999999975e+04,1.496647891900023397e-01
1.837637639999999737e+04,1.495845561434577531e-01
1.840715759999999864e+04,1.496201784142868474e-01
1.843793879999999990e+04,1.495370081281145458e-01
1.846871999999999753e+04,1.495799143754299454e-01
1.849950119999999879e+04,1.492459108629061448e-01
1.853028240000000005e+04,1.497242152211927801e-01
1.856106359999999768e+04,1.503208632160174252e-01
1.859184479999999894e+04,1.501875889193132196e-01
1.862262600000000020e+04,1.497441407834352312e-01
1.865340719999999783e+04,1.497382552619221097e-01
1.868418839999999909e+04,1.497135382949350002e-01
1.871496960000000036e+04,1.497614962216918255e-01
1.874575079999999798e+04,1.496801212774435119e-01
1.877653199999999924e+04,1.496437471267564323e-01
1.880731320000000051e+04,1.496196620008554967e-01
1.883809439999999813e+04,1.493258401831339954e-01
1.886887559999999939e+04,1.489723499089263825e-01
1.889965680000000066e+04,1.486818060845959133e-01
1.893043799999999828e+04,1.487565176669160272e-01
1.896121919999999955e+04,1.488753533343509794e-01
1.899200039999999717e+04,1.489979244801381830e-01
1.902278159999999843e+04,1.489807764969188764e-01
1.905356279999999970e+04,1.487748436386532036e-01
1.908434399999999732e+04,1.487806434506048492e-01
1.911512519999999859e+04,1.486726152386128319e-01
1.914590639999999985e+04,1.485816710646152283e-01
1.917668759999999747e+04,1.483989235548788255e-01
1.920746879999999874e+04,1.480992108543940367e-01
1.923825000000000000e+04,1.480408137393655621e-01
1.926903119999999763e+04,1.481853077383973871e-01
1.929981239999999889e+04,1.483842677999215875e-01
1.933059360000000015e+04,1.484223171356109927e-01
1.936137479999999778e+04,1.485080368888472280e-01
1.939215599999999904e+04,1.486069473027344934e-01
1.942293720000000030e+04,1.486243366816921707e-01
1.945371839999999793e+04,1.489639163856457116e-01
1.948449959999999919e+04,1.485608101061081932e-01
1.951528080000000045e+04,1.480861489457475089e-01
1.954606199999999808e+04,1.479127163417535418e-01
1.957684319999999934e+04,1.473710492195534072e-01
1.960762440000000061e+04,1.468918716450938744e-01
1.963840559999999823e+04,1.471052893156010177e-01
1.966918679999999949e+04,1.473308150804464034e-01
1.969996800000000076e+04,1.474735526175030564e-01
1.973074919999999838e+04,1.475966292684499359e-01
1.976153039999999964e+04,1.473730587920593915e-01
1.979231159999999727e+04,1.473715832637076673e-01
1.982309279999999853e+04,1.474268920028497520e-01
1.985387399999999980e+04,1.474426371851023099e-01
1.988465519999999742e+04,1.472309545040721424e-01
1.991543639999999868e+04,1.475259055287381771e-01
1.994621759999999995e+04,1.474524242958321629e-01
1.997699879999999757e+04,1.474640731772215163e-01
2.000777999999999884e+04,1.476053445893305005e-01
2.003856120000000010e+04,1.481877258940425546e-01
2.006934239999999772e+04,1.484972963125753831e-01
2.010012359999999899e+04,1.489006453496584115e-01
2.013090480000000025e+04,1.493609358015845767e-01
2.016168599999999788e+04,1.498180237617626753e-01
2.019246719999999914e+04,1.502260215504704621e-01
2.022324840000000040e+04,1.504742877490112818e-01
2.025402959999999803e+04,1.502330463258986504e-01
2.028481079999999929e+04,1.505315839016290735e-01
2.031559200000000055e+04,1.505198818665997862e-01
2.034637319999999818e+04,1.504751418106653194e-01
2.037715439999999944e+04,1.505989821427237696e-01
2.040793560000000070e+04,1.503366968772542056e-01
2.043871679999999833e+04,1.506613965072755024e-01
2.046949799999999959e+04,1.508833960250418604e-01
2.050027919999999722e+04,1.507709933824721293e-01
2.053106039999999848e+04,1.510144611739610288e-01
2.056184159999999974e+04,1.505188613030803979e-01
2.059262279999999737e+04,1.507484528721488859e-01
2.062340399999999863e+04,1.507684593828453601e-01
2.065418519999999990e+04,1.510642896890075915e-01
2.068496639999999752e+04,1.517610633269713960e-01
2.071574759999999878e+04,1.513528438301892098e-01
2.074652880000000005e+04,1.499842390699282213e-01
2.077730999999999767e+04,1.491230758444983262e-01
2.080809119999999893e+04,1.487260296524532954e-01
2.083887240000000020e+04,1.486266492380504400e-01
2.086965359999999782e+04,1.488905619603580199e-01
2.090043479999999909e+04,1.490224300862447449e-01
2.093121600000000035e+04,1.492669487845178500e-01
2.096199719999999797e+04,1.497815745641508656e-01
2.099277839999999924e+04,1.501309397042261407e-01
2.102355960000000050e+04,1.502549233938746398e-01
2.105434079999999813e+04,1.504785726151790792e-01
2.108512199999999939e+04,1.509123093854202735e-01
2.111590320000000065e+04,1.509584678246758682e-01
2.114668439999999828e+04,1.507984216554031087e-01
2.117746559999999954e+04,1.506929409771394779e-01
2.120824679999999717e+04,1.504709832024382077e-01
2.123902799999999843e+04,1.505247738267405377e-01
2.126980919999999969e+04,1.502145032402068259e-01
2.130059039999999732e+04,1.497935151780670493e-01
2.133137159999999858e+04,1.493933794883949284e-01
2.136215279999999984e+04,1.484782291403079768e-01
2.139293399999999747e+04,1.478300298124013701e-01
2.142371519999999873e+04,1.470390618124873539e-01
2.145449639999999999e+04,1.464380586297458764e-01
2.148527759999999762e+04,1.461419235882998324e-01
2.151605879999999888e+04,1.459282276740898610e-01
2.154684000000000015e+04,1.453624139426591133e-01
2.157762119999999777e+04,1.450331210649014047e-01
2.160840239999999903e+04,1.448376386992457354e-01
2.163918360000000030e+04,1.446143119929035048e-01
2.166996479999999792e+04,1.445189996312556957e-01
2.170074599999999919e+04,1.439722735180376800e-01
2.173152720000000045e+04,1.440190227955587265e-01
2.176230839999999807e+04,1.435160686775605876e-01
2.179308959999999934e+04,1.434676622562864601e-01
2.182387080000000060e+04,1.431594922550305238e-01
2.185465199999999822e+04,1.432601668753335500e-01
2.188543319999999949e+04,1.435094656042650019e-01
2.191621439999999711e+04,1.432496177964721895e-01
2.194699559999999838e+04,1.434447212155723350e-01
2.197777679999999964e+04,1.433724220866193777e-01
2.200855799999999726e+04,1.430515605662475154e-01
2.203933919999999853e+04,1.426259471460010197e-01
2.207012039999999979e+04,1.421749699818825596e-01
2.210090159999999742e+04,1.420191462757673939e-01
2.213168279999999868e+04,1.417794705487217533e-01
2.216246399999999994e+04,1.418928769441105131e-01
2.219324519999999757e+04,1.422253938896252401e-01
2.222402639999999883e+04,1.419439318639512670e-01
2.225480760000000009e+04,1.411901407628575189e-01
2.228558879999999772e+04,1.412058678157135372e-01
2.231636999999999898e+04,1.410426969079557613e-01
2.234715120000000024e+04,1.410820638709018304e-01
2.237793239999999787e+04,1.409360951822030139e-01
2.240871359999999913e+04,1.407273435687152185e-01
2.243949480000000040e+04,1.406482844065106708e-01
2.247027599999999802e+04,1.409725754672077613e-01
2.250105719999999928e+04,1.408797539624595530e-01
2.253183840000000055e+04,1.407632555034842858e-01
2.256261959999999817e+04,1.410691978291319371e-01
2.259340079999999944e+04,1.414005541930705157e-01
2.262418199999999706e+04,1.413632820252851419e-01
2.265496319999999832e+04,1.411896905700898430e-01
2.268574439999999959e+04,1.415013449442698024e-01
2.271652559999999721e+04,1.419263383474592688e-01
2.274730679999999847e+04,1.412125594857074895e-01
2.277808799999999974e+04,1.406517254588415811e-01
2.280886919999999736e+04,1.406354399015037060e-01
2.283965039999999863e+04,1.405910414198991987e-01
2.287043159999999989e+04,1.408344795288003215e-01
2.290121279999999751e+04,1.409899918299206689e-01
2.293199399999999878e+04,1.409188700534320937e-01
2.296277520000000004e+04,1.410043438908709645e-01
2.299355639999999767e+04,1.405994974778176920e-01
2.302433759999999893e+04,1.403702232351575485e-01
2.305511880000000019e+04,1.404806429448144656e-01
2.308589999999999782e+04,1.400991252744626936e-01
2.311668119999999908e+04,1.400625422665976172e-01
2.314746240000000034e+04,1.406096921678055833e-01
2.317824359999999797e+04,1.415101111211657381e-01
2.320902479999999923e+04,1.423841149523710492e-01
2.323980600000000049e+04,1.429885749587167243e-01
2.327058719999999812e+04,1.429820016999747145e-01
2.330136839999999938e+04,1.427634901336667095e-01
2.333214959999999701e+04,1.426832566901830857e-01
2.336293079999999827e+04,1.428282088750782441e-01
2.339371199999999953e+04,1.431330126455463980e-01
2.342449319999999716e+04,1.433593968671430519e-01
2.345527439999999842e+04,1.433808100110693928e-01
2.348605559999999969e+04,1.432844380550155339e-01
2.351683679999999731e+04,1.428018515424519241e-01
2.354761799999999857e+04,1.426458887548759935e-01
2.357839919999999984e+04,1.426373687583205319e-01
2.360918039999999746e+04,1.425294753424455885e-01
2.363996159999999873e+04,1.421228127110360784e-01
2.367074279999999999e+04,1.417419385934963472e-01
2.370152399999999761e+04,1.417123087710857321e-01
2.373230519999999888e+04,1.416305717622168003e-01
2.376308640000000014e+04,1.417299913214872253e-01
2.379386759999999776e+04,1.422468450955289843e-01
2.382464879999999903e+04,1.421659989974000116e-01
2.385543000000000029e+04,1.419083030048101934e-01
2.388621119999999792e+04,1.422630725343259073e-01
2.391699239999999918e+04,1.422792959677546265e-01
2.394777360000000044e+04,1.421572050194284675e-01
2.397855479999999807e+04,1.418511815579624469e-01
2.400933599999999933e+04,1.415226145562508420e-01
2.404011719999999696e+04,1.418238689990958257e-01
2.407089839999999822e+04,1.420303157256584126e-01
2.410167959999999948e+04,1.421066243551788733e-01
2.413246079999999711e+04,1.419762899231587494e-01
2.416324199999999837e+04,1.416177743470141692e-01
2.419402319999999963e+04,1.414930945589567557e-01
2.422480439999999726e+04,1.415917322914511112e-01
2.425558559999999852e+04,1.418530020293830296e-01
2.428636679999999978e+04,1.422730859896065847e-01
2.431714799999999741e+04,1.425503589484306277e-01
2.434792919999999867e+04,1.425018674413340014e-01
2.437871039999999994e+04,1.422018676154576944e-01
2.440949159999999756e+04,1.424046855933844835e-01
2.444027279999999882e+04,1.417971561092319643e-01
2.447105400000000009e+04,1.407869272500051894e-01
2.450183519999999771e+04,1.403325218049680245e-01
2.453261639999999898e+04,1.402971890596436955e-01
2.456339760000000024e+04,1.404676189472722769e-01
2.459417879999999786e+04,1.406833997010582260e-01
2.462495999999999913e+04,1.407930644946546184e-01
2.465574120000000039e+04,1.404778472631443842e-01
2.468652239999999802e+04,1.406760102134356483e-01
2.471730359999999928e+04,1.408139047403937638e-01
2.474808479999999690e+04,1.408935612541392102e-01
2.477886599999999817e+04,1.405316101406823281e-01
2.480964719999999943e+04,1.408259081079539787e-01
2.484042839999999705e+04,1.406669527166956590e-01
2.487120959999999832e+04,1.406336875821037058e-01
2.490199079999999958e+04,1.403647525304244914e-01
2.493277199999999721e+04,1.400532670531389745e-01
2.496355319999999847e+04,1.397745928563971785e-01
2.499433439999999973e+04,1.398889851715078292e-01
2.502511559999999736e+04,1.399481328898148635e-01
2.505589679999999862e+04,1.399661678183203861e-01
2.508667799999999988e+04,1.402115292418313341e-01
2.511745919999999751e+04,1.403714566565964772e-01
2.514824039999999877e+04,1.408639508264572238e-01
2.517902160000000003e+04,1.411371905529142656e-01
2.520980279999999766e+04,1.411752837762400015e-01
2.524058399999999892e+04,1.410894633324439873e-01
2.527136520000000019e+04,1.408887448555469768e-01
2.530214639999999781e+04,1.409342605884843502e-01
2.533292759999999907e+04,1.407861490938591975e-01
2.536370880000000034e+04,1.404940542195981523e-01
2.539448999999999796e+04,1.401880434140867493e-01
2.542527119999999923e+04,1.398191055089672563e-01
2.545605239999999685e+04,1.394046715453542418e-01
2.548683359999999811e+04,1.393059236848724625e-01
2.551761479999999938e+04,1.395415927125460975e-01
2.554839599999999700e+04,1.399104633677251130e-01
2.557917719999999827e+04,1.403027755471887017e-01
2.560995839999999953e+04,1.409265989535845864e-01
2.564073959999999715e+04,1.414390712899430691e-01
2.567152079999999842e+04,1.421106011180258144e-01
2.570230199999999968e+04,1.423911660551468450e-01
2.573308319999999730e+04,1.424501596902768286e-01
2.576386439999999857e+04,1.426879040803721854e-01
2.579464559999999983e+04,1.429102147675339329e-01
2.582542679999999746e+04,1.429775673543183800e-01
2.585620799999999872e+04,1.429011636368093252e-01
2.588698919999999998e+04,1.427304806558020445e-01
2.591777039999999761e+04,1.427481503763012860e-01
2.594855159999999887e+04,1.430212473204752477e-01
2.597933280000000013e+04,1.437063700586723725e-01
2.601011399999999776e+04,1.436789921984000795e-01
2.604089519999999902e+04,1.435521910618145769e-01
2.607167640000000029e+04,1.435880279808484650e-01
2.610245759999999791e+04,1.438279936388576485e-01
2.613323879999999917e+04,1.436243169618644233e-01
2.616401999999999680e+04,1.434625614404640426e-01
2.619480119999999806e+04,1.433422690268160160e-01
2.622558239999999932e+04,1.436421708034403555e-01
2.625636359999999695e+04,1.437299940639545082e-01
2.628714479999999821e+04,1.437449155264422795e-01
2.631792599999999948e+04,1.434126247494162953e-01
2.634870719999999710e+04,1.430878329974639984e-01
2.637948839999999836e+04,1.426382821172820781e-01
2.641026959999999963e+04,1.425114570173455775e-01
2.644105079999999725e+04,1.426726666893969042e-01
2.647183199999999852e+04,1.428481185661864550e-01
2.650261319999999978e+04,1.429007163819752124e-01
2.653339439999999740e+04,1.431691323155168671e-01
2.656417559999999867e+04,1.432892642008068707e-01
2.659495679999999993e+04,1.434576339270636214e-01
2.662573799999999756e+04,1.433772258274260969e-01
2.665651919999999882e+04,1.433520396063986124e-01
2.668730040000000008e+04,1.432066013864178033e-01
2.671808159999999771e+04,1.432371098033506374e-01
2.674886279999999897e+04,1.435952674485979075e-01
2.677964400000000023e+04,1.434783050367960111e-01
2.681042519999999786e+04,1.429446388095808040e-01
2.684120639999999912e+04,1.425181064405326992e-01
2.687198759999999675e+04,1.427678951219331638e-01
2.690276879999999801e+04,1.428486195960347038e-01
2.693354999999999927e+04,1.428409262378514122e-01
2.696433119999999690e+04,1.423950610112733606e-01
2.699511239999999816e+04,1.423343896704614420e-01
2.702589359999999942e+04,1.427678222450682322e-01
2.705667479999999705e+04,1.427060235921524811e-01
2.708745599999999831e+04,1.431655597204413710e-01
2.711823719999999958e+04,1.433810887307065962e-01
2.714901839999999720e+04,1.437249615183568974e-01
2.717979959999999846e+04,1.429425402356711006e-01
2.721058079999999973e+04,1.421770848165756218e-01
2.724136199999999735e+04,1.417729150794068693e-01
2.727214319999999861e+04,1.415757116886741940e-01
2.730292439999999988e+04,1.413675821556119039e-01
2.733370559999999750e+04,1.409939999047479797e-01
2.736448679999999877e+04,1.413031472474123029e-01
2.739526800000000003e+04,1.415204290994492298e-01
2.742604919999999765e+04,1.415931417384195257e-01
2.745683039999999892e+04,1.417483286956792432e-01
2.748761160000000018e+04,1.418267777105224614e-01
2.751839279999999781e+04,1.420222449857850289e-01
2.754917399999999907e+04,1.424044831389099652e-01
2.757995519999999669e+04,1.426444330875417388e-01
2.761073639999999796e+04,1.422062397974472314e-01
2.764151759999999922e+04,1.420944862618261362e-01
2.767229879999999685e+04,1.418870785499513620e-01
2.770307999999999811e+04,1.417004791079359005e-01
2.773386119999999937e+04,1.418410861310380466e-01
2.776464239999999700e+04,1.424959209190256870e-01
2.779542359999999826e+04,1.424506950943472960e-01
2.782620479999999952e+04,1.423726878441991250e-01
2.785698599999999715e+04,1.423737687035648014e-01
2.788776719999999841e+04,1.425801502175853552e-01
2.791854839999999967e+04,1.429282880606817518e-01
2.794932959999999730e+04,1.429428198167642938e-01
2.798011079999999856e+04,1.428316590300097166e-01
2.801089199999999983e+04,1.430128573087837696e-01
2.804167319999999745e+04,1.427511058051292026e-01
2.807245439999999871e+04,1.424423054272696554e-01
2.810323559999999998e+04,1.427914274282942320e-01
2.813401679999999760e+04,1.428059394882394695e-01
2.816479799999999886e+04,1.427984747054849013e-01
2.819557920000000013e+04,1.420369808616548657e-01
2.822636039999999775e+04,1.412523741034369118e-01
2.825714159999999902e+04,1.409136140634255907e-01
2.828792280000000028e+04,1.409837270602879444e-01
2.831870399999999790e+04,1.406967899156296997e-01
2.834948519999999917e+04,1.408223185964423141e-01
2.838026639999999679e+04,1.414506335689173777e-01
2.841104759999999806e+04,1.414482663923061490e-01
2.844182879999999932e+04,1.415407167841397362e-01
2.847260999999999694e+04,1.417109761278932956e-01
2.850339119999999821e+04,1.420173121061227839e-01
2.853417239999999947e+04,1.420553334808387913e-01
2.856495359999999710e+04,1.422733220324746695e-01
2.859573479999999836e+04,1.431189495044142279e-01
2.862651599999999962e+04,1.432103416247649252e-01
2.865729719999999725e+04,1.433120295341767103e-01
2.868807839999999851e+04,1.430551843809527990e-01
2.871885959999999977e+04,1.431776279643190986e-01
2.874964079999999740e+04,1.434660950109385991e-01
2.878042199999999866e+04,1.437523783472249850e-01
2.881120319999999992e+04,1.437565523616872176e-01
2.884198439999999755e+04,1.442809991214410170e-01
2.887276559999999881e+04,1.446254120940259624e-01
2.890354680000000008e+04,1.442488626041874555e-01
2.893432799999999770e+04,1.442602172366200253e-01
2.896510919999999896e+04,1.440391003442513529e-01
2.899589040000000023e+04,1.437168779633750670e-01
2.902667159999999785e+04,1.437043285939464954e-01
2.905745279999999912e+04,1.431117072718754990e-01
2.908823399999999674e+04,1.425280079584486659e-01
2.911901519999999800e+04,1.419242653073358729e-01
2.914979639999999927e+04,1.415298396364665923e-01
2.918057759999999689e+04,1.414031884296020058e-01
2.921135879999999815e+04,1.413974888888067383e-01
2.924213999999999942e+04,1.415011258289447793e-01
2.927292119999999704e+04,1.420504987273382702e-01
2.930370239999999831e+04,1.423167016053323020e-01
2.933448359999999957e+04,1.426698224865111941e-01
2.936526479999999719e+04,1.428218930006599219e-01
2.939604599999999846e+04,1.427451850654578858e-01
2.942682719999999972e+04,1.423187015115968401e-01
2.945760839999999735e+04,1.418138629786310223e-01
2.948838959999999861e+04,1.415021752248396270e-01
2.951917079999999987e+04,1.421369374483749115e-01
2.954995199999999750e+04,1.426479013201561730e-01
2.958073319999999876e+04,1.427820208321072815e-01
2.961151440000000002e+04,1.426510251663836437e-01
2.964229559999999765e+04,1.419419974627110226e-01
2.967307679999999891e+04,1.412308756375854069e-01
2.970385800000000017e+04,1.407212089443049263e-01
2.973463919999999780e+04,1.404074766372908345e-01
2.976542039999999906e+04,1.401687644029714630e-01
2.979620159999999669e+04,1.403984526558960944e-01
2.982698279999999795e+04,1.408851640700068686e-01
2.985776399999999921e+04,1.411818062718648015e-01
2.988854519999999684e+04,1.413928284916435019e-01
2.991932639999999810e+04,1.414377250404747766e-01
2.995010759999999937e+04,1.415713171126340431e-01
2.998088879999999699e+04,1.415841979247696170e-01
3.001166999999999825e+04,1.421134029105417529e-01
3.004245119999999952e+04,1.426226275392439569e-01
3.007323239999999714e+04,1.429857091642445233e-01
3.010401359999999841e+04,1.428032860998633691e-01
3.013479479999999967e+04,1.425974495836694056e-01
3.016557599999999729e+04,1.427118774183953054e-01
3.019635719999999856e+04,1.425161384887716487e-01
3.022713839999999982e+04,1.422356665421024846e-01
3.025791959999999744e+04,1.419180981654937501e-01
3.028870079999999871e+04,1.421519346851561894e-01
3.031948199999999997e+04,1.427065816149027944e-01
3.035026319999999760e+04,1.431119396300128688e-01
3.038104439999999886e+04,1.437018374405726884e-01
3.041182560000000012e+04,1.442182288492186160e-01
3.044260679999999775e+04,1.438723061941614423e-01
3.047338799999999901e+04,1.437570355923723509e-01
3.050416919999999664e+04,1.434668083931713300e-01
3.053495039999999790e+04,1.435163159676180744e-01
3.056573159999999916e+04,1.433557600789609199e-01
3.059651279999999679e+04,1.437476085511646684e-01
3.062729399999999805e+04,1.439729330220774484e-01
3.065807519999999931e+04,1.447294968722434017e-01
3.068885639999999694e+04,1.454822063085189632e-01
3.071963759999999820e+04,1.452418021070376319e-01
3.075041879999999946e+04,1.449818756870990821e-01
3.078119999999999709e+04,1.451374233801367986e-01
3.081198119999999835e+04,1.453140919026802702e-01
3.084276239999999962e+04,1.452143376602499925e-01
3.087354359999999724e+04,1.448176509584091498e-01
3.090432479999999850e+04,1.445099822408661416e-01
3.093510599999999977e+04,1.447303687864231192e-01
3.096588719999999739e+04,1.449795162645380053e-01
3.099666839999999866e+04,1.445691979339868150e-01
3.102744959999999992e+04,1.439307184867540390e-01
3.105823079999999754e+04,1.436481706566111183e-01
3.108901199999999881e+04,1.436488744385668315e-01
3.111979320000000007e+04,1.434122706593460583e-01
3.115057439999999769e+04,1.433364582918029984e-01
3.118135559999999896e+04,1.430902560518648725e-01
3.121213679999999658e+04,1.432047250611554745e-01
3.124291799999999785e+04,1.431850869249526870e-01
3.127369919999999911e+04,1.430510632877571853e-01
3.130448039999999673e+04,1.423193684945324722e-01
3.133526159999999800e+04,1.415666872961436895e-01
3.136604279999999926e+04,1.415655305535039876e-01
3.139682399999999689e+04,1.420356908431755494e-01
3.142760519999999815e+04,1.424361646772988876e-01
3.145838639999999941e+04,1.424618282923045542e-01
3.148916759999999704e+04,1.427739653690036914e-01
