0.000000000000000000e+00,6.887987567257500832e-01
3.078119999999999834e+01,6.888822950643410659e-01
6.156239999999999668e+01,6.890633227040716680e-01
9.234359999999999502e+01,6.910905279342923757e-01
1.231247999999999934e+02,6.929125878970175956e-01
1.539060000000000059e+02,6.928807702890501519e-01
1.846871999999999900e+02,6.940677650815271216e-01
2.154683999999999742e+02,6.944959493968978492e-01
2.462495999999999867e+02,6.942584074358474355e-01
2.770307999999999993e+02,6.942007931536262610e-01
3.078120000000000118e+02,6.926213389690086819e-01
3.385931999999999675e+02,6.927537456226172674e-01
3.693743999999999801e+02,6.927085636950556236e-01
4.001555999999999926e+02,6.930331317803357649e-01
4.309367999999999483e+02,6.933438195297780826e-01
4.617179999999999609e+02,6.964918950217854343e-01
4.924991999999999734e+02,6.979396948778581189e-01
5.232803999999999860e+02,6.989487090522094048e-01
5.540615999999999985e+02,6.974743030775988339e-01
5.848428000000000111e+02,6.971475049109725486e-01
6.156240000000000236e+02,6.987614544239159065e-01
6.464051999999999225e+02,6.999627460849828786e-01
6.771863999999999351e+02,7.009712711160858145e-01
7.079675999999999476e+02,7.017294631321226994e-01
7.387487999999999602e+02,7.001557502130645316e-01
7.695299999999999727e+02,7.004715406086001739e-01
8.003111999999999853e+02,6.990731871718737223e-01
8.310923999999999978e+02,6.950241801015643039e-01
8.618735999999998967e+02,6.930836462082399230e-01
8.926547999999999092e+02,6.953821010912367706e-01
9.234359999999999218e+02,6.954132285510864486e-01
9.542171999999999343e+02,6.954237707100316968e-01
9.849983999999999469e+02,6.938247058764531738e-01
1.015779599999999959e+03,6.946112271448606768e-01
1.046560799999999972e+03,6.949952236310527054e-01
1.077341999999999871e+03,6.937826995262221796e-01
1.108123199999999997e+03,6.930809263969063272e-01
1.138904399999999896e+03,6.941414640295413552e-01
1.169685600000000022e+03,6.937175550716896399e-01
1.200466799999999921e+03,6.943641749774759342e-01
1.231248000000000047e+03,6.938513602299116734e-01
1.262029199999999946e+03,6.943056820934112583e-01
1.292810399999999845e+03,6.949746659570226193e-01
1.323591599999999971e+03,6.963664872940755757e-01
1.354372799999999870e+03,6.965047343005267289e-01
1.385153999999999996e+03,6.959008962063920611e-01
1.415935199999999895e+03,6.945711946069712539e-01
1.446716400000000021e+03,6.924116329737849407e-01
1.477497599999999920e+03,6.903179126859848580e-01
1.508278799999999819e+03,6.891267249593722166e-01
1.539059999999999945e+03,6.895706317890548664e-01
1.569841199999999844e+03,6.879808564465217380e-01
1.600622399999999971e+03,6.878937010650627570e-01
1.631403599999999869e+03,6.876249921402108889e-01
1.662184799999999996e+03,6.870353962660304958e-01
1.692965999999999894e+03,6.866565554046968334e-01
1.723747199999999793e+03,6.858592035386866792e-01
1.754528399999999920e+03,6.869362267263173782e-01
1.785309599999999818e+03,6.893962997894389488e-01
1.816090799999999945e+03,6.921699628996684783e-01
1.846871999999999844e+03,6.940328009484481031e-01
1.877653199999999970e+03,6.934000788810306126e-01
1.908434399999999869e+03,6.925674793958216391e-01
1.939215599999999995e+03,6.929924343622189120e-01
1.969996799999999894e+03,6.920210151147210276e-01
2.000777999999999793e+03,6.934140248521728500e-01
2.031559199999999919e+03,6.957285930438920074e-01
2.062340400000000045e+03,6.953362040360901997e-01
2.093121599999999944e+03,6.961083279505151378e-01
2.123902799999999843e+03,6.954645307972275869e-01
2.154683999999999742e+03,6.960628714610931356e-01
2.185465200000000095e+03,6.965563115384779680e-01
2.216246399999999994e+03,6.955698492674737832e-01
2.247027599999999893e+03,6.931542388267701860e-01
2.277808799999999792e+03,6.903651548396322335e-01
2.308589999999999691e+03,6.889921444778179804e-01
2.339371200000000044e+03,6.886598884470338522e-01
2.370152399999999943e+03,6.879714263093812399e-01
2.400933599999999842e+03,6.888614678940225833e-01
2.431714799999999741e+03,6.887387930214360354e-01
2.462496000000000095e+03,6.882890555292521251e-01
2.493277199999999993e+03,6.895162056784742699e-01
2.524058399999999892e+03,6.887555859658247570e-01
2.554839599999999791e+03,6.855356506616413492e-01
2.585620799999999690e+03,6.849807203911377762e-01
2.616402000000000044e+03,6.842426534491847789e-01
2.647183199999999943e+03,6.843512230534696261e-01
2.677964399999999841e+03,6.841444302183741222e-01
2.708745599999999740e+03,6.840934364207286178e-01
2.739526799999999639e+03,6.844830805398135487e-01
2.770307999999999993e+03,6.846062123737609584e-01
2.801089199999999892e+03,6.858198074756947094e-01
2.831870399999999790e+03,6.852179640577816810e-01
2.862651599999999689e+03,6.836968770082709757e-01
2.893432800000000043e+03,6.838375264160259093e-01
2.924213999999999942e+03,6.822978481330218559e-01
2.954995199999999841e+03,6.808805348065898322e-01
2.985776399999999740e+03,6.807830518173131340e-01
3.016557599999999638e+03,6.800788276820816103e-01
3.047338799999999992e+03,6.794796632937408765e-01
3.078119999999999891e+03,6.794330255788665340e-01
3.108901199999999790e+03,6.810323847658551477e-01
3.139682399999999689e+03,6.823237142989881931e-01
3.170463600000000042e+03,6.845136119416976861e-01
3.201244799999999941e+03,6.855437613834221011e-01
3.232025999999999840e+03,6.844665580922538739e-01
3.262807199999999739e+03,6.832034855822637365e-01
3.293588399999999638e+03,6.834773280569151899e-01
3.324369599999999991e+03,6.849658254702017945e-01
3.355150799999999890e+03,6.860923592613271671e-01
3.385931999999999789e+03,6.859878987506774495e-01
3.416713199999999688e+03,6.854689241560423252e-01
3.447494399999999587e+03,6.857482595470988374e-01
3.478275599999999940e+03,6.856335205342277694e-01
3.509056799999999839e+03,6.861176281378330577e-01
3.539837999999999738e+03,6.852743120441413538e-01
3.570619199999999637e+03,6.852051457645730315e-01
3.601400399999999991e+03,6.849094407690328179e-01
3.632181599999999889e+03,6.862185164314408281e-01
3.662962799999999788e+03,6.863507000494510901e-01
3.693743999999999687e+03,6.863323906666204399e-01
3.724525199999999586e+03,6.863676280387071005e-01
3.755306399999999940e+03,6.872193605134468974e-01
3.786087599999999838e+03,6.899823009089115500e-01
3.816868799999999737e+03,6.925444715453326072e-01
3.847649999999999636e+03,6.939380872819027601e-01
3.878431199999999990e+03,6.958530447732250712e-01
3.909212399999999889e+03,6.985393256591765354e-01
3.939993599999999788e+03,7.012292234347891062e-01
3.970774799999999686e+03,7.055315105061784609e-01
4.001555999999999585e+03,7.070697164588918282e-01
4.032337199999999939e+03,7.075677341252657460e-01
4.063118399999999838e+03,7.079550203715249124e-01
4.093899599999999737e+03,7.081606101232092998e-01
4.124680800000000090e+03,7.104668687406829886e-01
4.155461999999999534e+03,7.097100122272436140e-01
4.186243199999999888e+03,7.101895209731350356e-01
4.217024399999999332e+03,7.093415984870660163e-01
4.247805599999999686e+03,7.106913302557378298e-01
4.278586800000000039e+03,7.134069251383484689e-01
4.309367999999999483e+03,7.148657444995605292e-01
4.340149199999999837e+03,7.088339811574813076e-01
4.370930400000000191e+03,7.049094091450025523e-01
4.401711599999999635e+03,7.035709491701510609e-01
4.432492799999999988e+03,7.028863079907241573e-01
4.463273999999999432e+03,7.006905019990850025e-01
4.494055199999999786e+03,6.999633967348846131e-01
4.524836400000000140e+03,6.995575702702452325e-01
4.555617599999999584e+03,6.975645308546142287e-01
4.586398799999999937e+03,6.970680088123533125e-01
4.617179999999999382e+03,6.993466172766293898e-01
4.647961199999999735e+03,6.994179664743387370e-01
4.678742400000000089e+03,6.958371467351722739e-01
4.709523599999999533e+03,6.950289973799951282e-01
4.740304799999999886e+03,6.927085926814170458e-01
4.771085999999999331e+03,6.923850329473709708e-01
4.801867199999999684e+03,6.943279374512328905e-01
4.832648400000000038e+03,6.967102107625784413e-01
4.863429599999999482e+03,6.973097643817692814e-01
4.894210799999999836e+03,6.970765355107179095e-01
4.924992000000000189e+03,6.988667458089923290e-01
4.955773199999999633e+03,6.977505720661167921e-01
4.986554399999999987e+03,6.962602773054888949e-01
5.017335599999999431e+03,6.947440024725738406e-01
5.048116799999999785e+03,6.942470932114589433e-01
5.078898000000000138e+03,6.926393610588243988e-01
5.109679199999999582e+03,6.915105938913100880e-01
5.140460399999999936e+03,6.938352055679418706e-01
5.171241599999999380e+03,6.944046264960292980e-01
5.202022799999999734e+03,6.944683278757424194e-01
5.232804000000000087e+03,6.953716614254851214e-01
5.263585199999999531e+03,6.962314226651534765e-01
5.294366399999999885e+03,6.960373166985633908e-01
5.325147599999999329e+03,6.938343946039237098e-01
5.355928799999999683e+03,6.926486025370740540e-01
5.386710000000000036e+03,6.909321678687504464e-01
5.417491199999999480e+03,6.891258405643257978e-01
5.448272399999999834e+03,6.904056510330591756e-01
5.479053599999999278e+03,6.898043943556958491e-01
5.509834799999999632e+03,6.883705998333823350e-01
5.540615999999999985e+03,6.895384586846460273e-01
5.571397199999999430e+03,6.907286064367911260e-01
5.602178399999999783e+03,6.891795711121253554e-01
5.632959600000000137e+03,6.884885590406191191e-01
5.663740799999999581e+03,6.890753130460042231e-01
5.694521999999999935e+03,6.890358558857445637e-01
5.725303199999999379e+03,6.900951699318833565e-01
5.756084399999999732e+03,6.909234764113163507e-01
5.786865600000000086e+03,6.898774635700171132e-01
5.817646799999999530e+03,6.888401072509007239e-01
5.848427999999999884e+03,6.894404684137065420e-01
5.879209199999999328e+03,6.898660224005089825e-01
5.909990399999999681e+03,6.887875478660645534e-01
5.940771600000000035e+03,6.898571387948803091e-01
5.971552799999999479e+03,6.889826365766842375e-01
6.002333999999999833e+03,6.910661557030203239e-01
6.033115199999999277e+03,6.919544044270612426e-01
6.063896399999999630e+03,6.896535902280702679e-01
6.094677599999999984e+03,6.879741857051808740e-01
6.125458799999999428e+03,6.843150852593247180e-01
6.156239999999999782e+03,6.814195838340898481e-01
6.187021199999999226e+03,6.794358773178612587e-01
6.217802399999999579e+03,6.802779192931376340e-01
6.248583599999999933e+03,6.816152087248195102e-01
6.279364799999999377e+03,6.828825311169997025e-01
6.310145999999999731e+03,6.809476842724119239e-01
6.340927200000000084e+03,6.783776705671352714e-01
6.371708399999999529e+03,6.789009804637873291e-01
6.402489599999999882e+03,6.807974355156080071e-01
6.433270799999999326e+03,6.808522197521895691e-01
6.464051999999999680e+03,6.815323276240640160e-01
6.494833200000000033e+03,6.810828619478856982e-01
6.525614399999999478e+03,6.809975479002221554e-01
6.556395599999999831e+03,6.814728298760749370e-01
6.587176799999999275e+03,6.819840413791343758e-01
6.617957999999999629e+03,6.843388743909429861e-01
6.648739199999999983e+03,6.837719818592209453e-01
6.679520399999999427e+03,6.826549534165505806e-01
6.710301599999999780e+03,6.815105437749209294e-01
6.741082799999999224e+03,6.815493120486487699e-01
6.771863999999999578e+03,6.800957737611540432e-01
6.802645199999999932e+03,6.786199906700890461e-01
6.833426399999999376e+03,6.764343623414248441e-01
6.864207599999999729e+03,6.759536052106575044e-01
6.894988799999999173e+03,6.768901045701050112e-01
6.925769999999999527e+03,6.756628001778662851e-01
6.956551199999999881e+03,6.736310882659307664e-01
6.987332399999999325e+03,6.719973535029238887e-01
7.018113599999999678e+03,6.718494195396488289e-01
7.048894800000000032e+03,6.699950034555519629e-01
7.079675999999999476e+03,6.680639694140217966e-01
7.110457199999999830e+03,6.665222037187490400e-01
7.141238399999999274e+03,6.663816725006757036e-01
7.172019599999999627e+03,6.653356333389210953e-01
7.202800799999999981e+03,6.660681542650892517e-01
7.233581999999999425e+03,6.678032166076128817e-01
7.264363199999999779e+03,6.692340858065255471e-01
7.295144399999999223e+03,6.696967101296998903e-01
7.325925599999999577e+03,6.693310070428802883e-01
7.356706799999999930e+03,6.702683586968570806e-01
7.387487999999999374e+03,6.706877337178576148e-01
7.418269199999999728e+03,6.702158224855346846e-01
7.449050399999999172e+03,6.694554901706705197e-01
7.479831599999999526e+03,6.713460243896491875e-01
7.510612799999999879e+03,6.741466130280502345e-01
7.541393999999999323e+03,6.749747544451342174e-01
7.572175199999999677e+03,6.780792596901974445e-01
7.602956400000000031e+03,6.792054225363139963e-01
7.633737599999999475e+03,6.791345576452643140e-01
7.664518799999999828e+03,6.793610321758373205e-01
7.695299999999999272e+03,6.804700944547693586e-01
7.726081199999999626e+03,6.815261566464075882e-01
7.756862399999999980e+03,6.812164922619564633e-01
7.787643599999999424e+03,6.833856315598054731e-01
7.818424799999999777e+03,6.858645159382604772e-01
7.849205999999999221e+03,6.876651372977660159e-01
7.879987199999999575e+03,6.861294749587730779e-01
7.910768399999999929e+03,6.857983852624615073e-01
7.941549599999999373e+03,6.852760774084455386e-01
7.972330799999999726e+03,6.863792714370250403e-01
8.003111999999999171e+03,6.868235813680707569e-01
8.033893199999999524e+03,6.867013805845375574e-01
8.064674399999999878e+03,6.879602469706124213e-01
8.095455599999999322e+03,6.909917900186138828e-01
8.126236799999999675e+03,6.919429327979349509e-01
8.157017999999999120e+03,6.916638545913704750e-01
8.187799199999999473e+03,6.954372261282555368e-01
8.218580399999998917e+03,6.962398890215323322e-01
8.249361600000000180e+03,6.978128549068223219e-01
8.280142799999999625e+03,6.994555355480444048e-01
8.310923999999999069e+03,6.988587799664557343e-01
8.341705200000000332e+03,6.988151075320638839e-01
8.372486399999999776e+03,6.983413942117893125e-01
8.403267599999999220e+03,6.956078352553435318e-01
8.434048799999998664e+03,6.909399382121184097e-01
8.464829999999999927e+03,6.881332865585592096e-01
8.495611199999999371e+03,6.854454167294899980e-01
8.526392399999998815e+03,6.831360747770409692e-01
8.557173600000000079e+03,6.814344295156473663e-01
8.587954799999999523e+03,6.784385051092195473e-01
8.618735999999998967e+03,6.756342165653504983e-01
8.649517200000000230e+03,6.725901501688478223e-01
8.680298399999999674e+03,6.716992734560133238e-01
8.711079599999999118e+03,6.717415759512196383e-01
8.741860800000000381e+03,6.693469273021996901e-01
8.772641999999999825e+03,6.690150795804736816e-01
8.803423199999999269e+03,6.681355889204304566e-01
8.834204399999998714e+03,6.686231051437717676e-01
8.864985599999999977e+03,6.685657949323687843e-01
8.895766799999999421e+03,6.694960602407824535e-01
8.926547999999998865e+03,6.688512470251704034e-01
8.957329200000000128e+03,6.695395112667227311e-01
8.988110399999999572e+03,6.710668443197069788e-01
9.018891599999999016e+03,6.707934108008157814e-01
9.049672800000000279e+03,6.708383619639857187e-01
9.080453999999999724e+03,6.702632322830962552e-01
9.111235199999999168e+03,6.700657099387350435e-01
9.142016399999998612e+03,6.693291577350493071e-01
9.172797599999999875e+03,6.706894080771497180e-01
9.203578799999999319e+03,6.702101096669627056e-01
9.234359999999998763e+03,6.731855034011998695e-01
9.265141200000000026e+03,6.743327657965541011e-01
9.295922399999999470e+03,6.747233262931378039e-01
9.326703599999998914e+03,6.766548196896762235e-01
9.357484800000000178e+03,6.743520791064916420e-01
9.388265999999999622e+03,6.735127882864957449e-01
9.419047199999999066e+03,6.727449498234728820e-01
9.449828400000000329e+03,6.724502539765967457e-01
9.480609599999999773e+03,6.717337319830098963e-01
9.511390799999999217e+03,6.712283225540451870e-01
9.542171999999998661e+03,6.719588638826755611e-01
9.572953199999999924e+03,6.720656372295759073e-01
9.603734399999999368e+03,6.742004046239670201e-01
9.634515599999998813e+03,6.764825858409807546e-01
9.665296800000000076e+03,6.725343626678603748e-01
9.696077999999999520e+03,6.702316837400925653e-01
9.726859199999998964e+03,6.695121898547499173e-01
9.757640400000000227e+03,6.719115762780746293e-01
9.788421599999999671e+03,6.749979208382552720e-01
9.819202799999999115e+03,6.739828004340585599e-01
9.849984000000000378e+03,6.745272229387775376e-01
9.880765199999999822e+03,6.767406882880500074e-01
9.911546399999999267e+03,6.794069222922893836e-01
9.942327599999998711e+03,6.839231350981334057e-01
9.973108799999999974e+03,6.846312948617457872e-01
1.000388999999999942e+04,6.838763528580543705e-01
1.003467119999999886e+04,6.838504722099426614e-01
1.006545240000000013e+04,6.815640597955158198e-01
1.009623359999999957e+04,6.809389143351091134e-01
1.012701479999999901e+04,6.810199283240488954e-01
1.015779600000000028e+04,6.811131988835853468e-01
1.018857719999999972e+04,6.825150836463604875e-01
1.021935839999999916e+04,6.843636587045343056e-01
1.025013959999999861e+04,6.863947304576558661e-01
1.028092079999999987e+04,6.857086104508046676e-01
1.031170199999999932e+04,6.872579743484776849e-01
1.034248319999999876e+04,6.868225297575224486e-01
1.037326440000000002e+04,6.853688390274010889e-01
1.040404559999999947e+04,6.825459115481661287e-01
1.043482679999999891e+04,6.804373563140150294e-01
1.046560800000000017e+04,6.768079087045136832e-01
1.049638919999999962e+04,6.761593760444098988e-01
1.052717039999999906e+04,6.756375589714231911e-01
1.055795160000000033e+04,6.779254433217670739e-01
1.058873279999999977e+04,6.763503427444508276e-01
1.061951399999999921e+04,6.739511201774838201e-01
1.065029519999999866e+04,6.746828262314161773e-01
1.068107639999999992e+04,6.751625310795794643e-01
1.071185759999999937e+04,6.758148524803447854e-01
1.074263879999999881e+04,6.749782463552428391e-01
1.077342000000000007e+04,6.745518682106874664e-01
1.080420119999999952e+04,6.736043606699715358e-01
1.083498239999999896e+04,6.724070599861888820e-01
1.086576360000000022e+04,6.721427853181729528e-01
1.089654479999999967e+04,6.722386632173580345e-01
1.092732599999999911e+04,6.717716294356135265e-01
1.095810719999999856e+04,6.686340024863861586e-01
1.098888839999999982e+04,6.654343965789951687e-01
1.101966959999999926e+04,6.661018992408989092e-01
1.105045079999999871e+04,6.658823173308195953e-01
1.108123199999999997e+04,6.658807011516426622e-01
1.111201319999999942e+04,6.644674049231791280e-01
1.114279439999999886e+04,6.653300672082089751e-01
1.117357560000000012e+04,6.671284871435464447e-01
1.120435679999999957e+04,6.658016598378544426e-01
1.123513799999999901e+04,6.648321203321672090e-01
1.126591920000000027e+04,6.645569776204998114e-01
1.129670039999999972e+04,6.636831380948572390e-01
1.132748159999999916e+04,6.634852927449527149e-01
1.135826279999999861e+04,6.634134691263726680e-01
1.138904399999999987e+04,6.630182519798111240e-01
1.141982519999999931e+04,6.615259731785166908e-01
1.145060639999999876e+04,6.583182584305976581e-01
1.148138760000000002e+04,6.578140119872017966e-01
1.151216879999999946e+04,6.572672247761290887e-01
1.154294999999999891e+04,6.547876330563087155e-01
1.157373120000000017e+04,6.531420324910043318e-01
1.160451239999999962e+04,6.538191534307579156e-01
1.163529359999999906e+04,6.537592897650530421e-01
1.166607479999999850e+04,6.528019534086104692e-01
1.169685599999999977e+04,6.505313263094504306e-01
1.172763719999999921e+04,6.482390274644074246e-01
1.175841839999999866e+04,6.473559091674799815e-01
1.178919959999999992e+04,6.462607757835796551e-01
1.181998079999999936e+04,6.473867100939554309e-01
1.185076199999999881e+04,6.471449898528339739e-01
1.188154320000000007e+04,6.462700832692976904e-01
1.191232439999999951e+04,6.454764892247762953e-01
1.194310559999999896e+04,6.451745530317634092e-01
1.197388680000000022e+04,6.450162526226224102e-01
1.200466799999999967e+04,6.463468090751728345e-01
1.203544919999999911e+04,6.459663816256892011e-01
1.206623039999999855e+04,6.462928454667850042e-01
1.209701159999999982e+04,6.483242814299008394e-01
1.212779279999999926e+04,6.489205446942384325e-01
1.215857399999999870e+04,6.496301449241439485e-01
1.218935519999999997e+04,6.484825778526293050e-01
1.222013639999999941e+04,6.476190863592664604e-01
1.225091759999999886e+04,6.487567451912400474e-01
1.228169880000000012e+04,6.481085452870184449e-01
1.231247999999999956e+04,6.504895484938483241e-01
1.234326119999999901e+04,6.507589188746469855e-01
1.237404239999999845e+04,6.517075628386868047e-01
1.240482359999999971e+04,6.522457525773799336e-01
1.243560479999999916e+04,6.532375561265413300e-01
1.246638599999999860e+04,6.534728203894472065e-01
1.249716719999999987e+04,6.534282142118444936e-01
1.252794839999999931e+04,6.524249420514192099e-01
1.255872959999999875e+04,6.510234168358344231e-01
1.258951080000000002e+04,6.497211932554560754e-01
1.262029199999999946e+04,6.513900482440182493e-01
1.265107319999999891e+04,6.497534473931007026e-01
1.268185440000000017e+04,6.486597069838271334e-01
1.271263559999999961e+04,6.475540719177313997e-01
1.274341679999999906e+04,6.479270927809839264e-01
1.277419799999999850e+04,6.514129780497158739e-01
1.280497919999999976e+04,6.541732591219350246e-01
1.283576039999999921e+04,6.570285771596238167e-01
1.286654159999999865e+04,6.557874544114090654e-01
1.289732279999999992e+04,6.546029476089909593e-01
1.292810399999999936e+04,6.539541887050053237e-01
1.295888519999999880e+04,6.535569334211830395e-01
1.298966640000000007e+04,6.537637249139414131e-01
1.302044759999999951e+04,6.512397444529897106e-01
1.305122879999999896e+04,6.502325178439839481e-01
1.308200999999999840e+04,6.503185530711417250e-01
1.311279119999999966e+04,6.500849117701512636e-01
1.314357239999999911e+04,6.515508370426938978e-01
1.317435359999999855e+04,6.511027376585349913e-01
1.320513479999999981e+04,6.510877213321832890e-01
1.323591599999999926e+04,6.527714266224365902e-01
1.326669719999999870e+04,6.564661392727062506e-01
1.329747839999999997e+04,6.571944218167614649e-01
1.332825959999999941e+04,6.560514438567738305e-01
1.335904079999999885e+04,6.535993838262275091e-01
1.338982200000000012e+04,6.512432187831398434e-01
1.342060319999999956e+04,6.501296003713010752e-01
1.345138439999999900e+04,6.497362095608719690e-01
1.348216559999999845e+04,6.505739621290791419e-01
1.351294679999999971e+04,6.518602830224626832e-01
1.354372799999999916e+04,6.518787102709202586e-01
1.357450919999999860e+04,6.521754937581540901e-01
1.360529039999999986e+04,6.532773533120379561e-01
1.363607159999999931e+04,6.518212310758382255e-01
1.366685279999999875e+04,6.504895396288570275e-01
1.369763400000000001e+04,6.508867312938193539e-01
1.372841519999999946e+04,6.513737920132341985e-01
1.375919639999999890e+04,6.519133131147720750e-01
1.378997759999999835e+04,6.513267412174582605e-01
1.382075879999999961e+04,6.522857652334080880e-01
1.385153999999999905e+04,6.519514648820832203e-01
1.388232119999999850e+04,6.517586083343481773e-01
1.391310239999999976e+04,6.511242779601015274e-01
1.394388359999999921e+04,6.508889622877516157e-01
1.397466479999999865e+04,6.504380926390441742e-01
1.400544599999999991e+04,6.498584180034142621e-01
1.403622719999999936e+04,6.501960449676883469e-01
1.406700839999999880e+04,6.471470384553167365e-01
1.409778960000000006e+04,6.453747994535946608e-01
1.412857079999999951e+04,6.446149985269800098e-01
1.415935199999999895e+04,6.445471648250210572e-01
1.419013319999999840e+04,6.456814239847148418e-01
1.422091439999999966e+04,6.462227163185607637e-01
1.425169559999999910e+04,6.467061671351334029e-01
1.428247679999999855e+04,6.457422843115213640e-01
1.431325799999999981e+04,6.472108603047157516e-01
1.434403919999999925e+04,6.483997963404352083e-01
1.437482039999999870e+04,6.499480479247266018e-01
1.440560159999999996e+04,6.505237863206911886e-01
1.443638279999999941e+04,6.489581997987504680e-01
1.446716399999999885e+04,6.495352618480215723e-01
1.449794520000000011e+04,6.502163671001575107e-01
1.452872639999999956e+04,6.500724506346025056e-01
1.455950759999999900e+04,6.504266740951685222e-01
1.459028879999999845e+04,6.503115171053102106e-01
1.462106999999999971e+04,6.498375916467519220e-01
1.465185119999999915e+04,6.498442142841429625e-01
1.468263239999999860e+04,6.486561938851038711e-01
1.471341359999999986e+04,6.474956645827094626e-01
1.474419479999999930e+04,6.478222041259235064e-01
1.477497599999999875e+04,6.470595390688215209e-01
1.480575720000000001e+04,6.475765941260780423e-01
1.483653839999999946e+04,6.482802108994367707e-01
1.486731959999999890e+04,6.487438038101028814e-01
1.489810079999999834e+04,6.485251621689830381e-01
1.492888199999999961e+04,6.490144761133036511e-01
1.495966319999999905e+04,6.472853270528935443e-01
1.499044439999999850e+04,6.474946665825941361e-01
1.502122559999999976e+04,6.470840697947629616e-01
1.505200679999999920e+04,6.485423694851945031e-01
1.508278799999999865e+04,6.481639429347852976e-01
1.511356919999999991e+04,6.483700747518500451e-01
1.514435039999999935e+04,6.480169346730054736e-01
1.517513159999999880e+04,6.490381845755917034e-01
1.520591280000000006e+04,6.492768505569630477e-01
1.523669399999999951e+04,6.491669750051841659e-01
1.526747519999999895e+04,6.476648511807157060e-01
1.529825639999999839e+04,6.458761849869441019e-01
1.532903759999999966e+04,6.433491941000500924e-01
1.535981879999999910e+04,6.427390618853429105e-01
1.539059999999999854e+04,6.452873600345692129e-01
1.542138119999999981e+04,6.475214124269461635e-01
1.545216239999999925e+04,6.493096475657418321e-01
1.548294359999999870e+04,6.500283091428858961e-01
1.551372479999999996e+04,6.521355287795230771e-01
1.554450599999999940e+04,6.549948720725595752e-01
1.557528719999999885e+04,6.563180012892504411e-01
1.560606839999999829e+04,6.572350939313693630e-01
1.563684959999999955e+04,6.575646545141821120e-01
1.566763079999999900e+04,6.582234288484835050e-01
1.569841199999999844e+04,6.567803141583717919e-01
1.572919319999999971e+04,6.582842874593992644e-01
1.575997439999999915e+04,6.583497516430014684e-01
1.579075559999999859e+04,6.581969569679477772e-01
1.582153679999999986e+04,6.599723168287645603e-01
1.585231799999999930e+04,6.582486625847567829e-01
1.588309919999999875e+04,6.549863009268811487e-01
1.591388040000000001e+04,6.565705588696069128e-01
1.594466159999999945e+04,6.549853829860213805e-01
1.597544279999999890e+04,6.546343034082122703e-01
1.600622399999999834e+04,6.542313996164762502e-01
1.603700519999999960e+04,6.565763936032178449e-01
1.606778639999999905e+04,6.557229893548998101e-01
1.609856759999999849e+04,6.577197102607145185e-01
1.612934879999999976e+04,6.595690855187869017e-01
1.616012999999999920e+04,6.599242057766966374e-01
1.619091119999999864e+04,6.597938431259536829e-01
1.622169239999999991e+04,6.612015987913623105e-01
1.625247359999999935e+04,6.589668789617104672e-01
1.628325479999999880e+04,6.564456533161123764e-01
1.631403599999999824e+04,6.583103534410482682e-01
1.634481719999999950e+04,6.599567396411618603e-01
1.637559839999999895e+04,6.592308219559379623e-01
1.640637960000000021e+04,6.606887344372140980e-01
1.643716079999999783e+04,6.617202632820199382e-01
1.646794199999999910e+04,6.621490307498767436e-01
1.649872320000000036e+04,6.608915371960732976e-01
1.652950439999999799e+04,6.578723036550290226e-01
1.656028559999999925e+04,6.540505109793165461e-01
1.659106680000000051e+04,6.531054444072570409e-01
1.662184799999999814e+04,6.562465196375397714e-01
1.665262919999999940e+04,6.583574759770034479e-01
1.668341040000000066e+04,6.597153369918146160e-01
1.671419159999999829e+04,6.609688511486911944e-01
1.674497279999999955e+04,6.628205781329818969e-01
1.677575400000000081e+04,6.640279471803445244e-01
1.680653519999999844e+04,6.651940801850324547e-01
1.683731639999999970e+04,6.628680843676987289e-01
1.686809759999999733e+04,6.559202444150418199e-01
1.689887879999999859e+04,6.522716052070476334e-01
1.692965999999999985e+04,6.525517374718994290e-01
1.696044119999999748e+04,6.517117837664248015e-01
1.699122239999999874e+04,6.516863823442871073e-01
1.702200360000000001e+04,6.506837478435517630e-01
1.705278479999999763e+04,6.519305615762420736e-01
1.708356599999999889e+04,6.545036961082651983e-01
1.711434720000000016e+04,6.550627762806124910e-01
1.714512839999999778e+04,6.535955123609071826e-01
1.717590959999999905e+04,6.525414720127211687e-01
1.720669080000000031e+04,6.510080563642902662e-01
1.723747199999999793e+04,6.502971717271333052e-01
1.726825319999999920e+04,6.476857264184564533e-01
1.729903440000000046e+04,6.467779605805485943e-01
1.732981559999999808e+04,6.445828968588717123e-01
1.736059679999999935e+04,6.449058068676404298e-01
1.739137800000000061e+04,6.467337538405452113e-01
1.742215919999999824e+04,6.485207368697257779e-01
1.745294039999999950e+04,6.499648258292238800e-01
1.748372160000000076e+04,6.538608457851593503e-01
1.751450279999999839e+04,6.550733988900523386e-01
1.754528399999999965e+04,6.567292480165917157e-01
1.757606519999999728e+04,6.590394006630930779e-01
1.760684639999999854e+04,6.608551197303985658e-01
1.763762759999999980e+04,6.627240364657575045e-01
1.766840879999999743e+04,6.616361609410923439e-01
1.769918999999999869e+04,6.606271517791525438e-01
1.772997119999999995e+04,6.608438335610337111e-01
1.776075239999999758e+04,6.607531520297602601e-01
1.779153359999999884e+04,6.599464735347142508e-01
1.782231480000000010e+04,6.594233395091834149e-01
1.785309599999999773e+04,6.585434851176844573e-01
1.788387719999999899e+04,6.563649207524601126e-01
1.791465840000000026e+04,6.566844024751219422e-01
1.794543959999999788e+04,6.551473076764003922e-01
1.797622079999999914e+04,6.519046178247648315e-01
1.800700200000000041e+04,6.507943253609538292e-01
1.803778319999999803e+04,6.500122683577704841e-01
1.806856439999999930e+04,6.500099896901523344e-01
1.809934560000000056e+04,6.502036163607736174e-01
1.813012679999999818e+04,6.510257774221774874e-01
1.816090799999999945e+04,6.513821788158774551e-01
1.819168920000000071e+04,6.525113376534606990e-01
1.822247039999999834e+04,6.529953758722983892e-01
1.825325159999999960e+04,6.524477404914332812e-01
1.828403279999999722e+04,6.539237541074045534e-01
1.831481399999999849e+04,6.548846621397377277e-01
1.834559519999999975e+04,6.551835165065483801e-01
1.837637639999999737e+04,6.548084473995395838e-01
1.840715759999999864e+04,6.549697064111281719e-01
1.843793879999999990e+04,6.545800393023331054e-01
1.846871999999999753e+04,6.547750324417739298e-01
1.849950119999999879e+04,6.532228155423553950e-01
1.853028240000000005e+04,6.554346099582585294e-01
1.856106359999999768e+04,6.581968616501243652e-01
1.859184479999999894e+04,6.575765019306512027e-01
1.862262600000000020e+04,6.555213075639211295e-01
1.865340719999999783e+04,6.554950357370992187e-01
1.868418839999999909e+04,6.553821449709601454e-01
1.871496960000000036e+04,6.556040545464070224e-01
1.874575079999999798e+04,6.552277526161142118e-01
1.877653199999999924e+04,6.550593434222585776e-01
1.880731320000000051e+04,6.549508816373266207e-01
1.883809439999999813e+04,6.535905231493964740e-01
1.886887559999999939e+04,6.519501099853720616e-01
1.889965680000000066e+04,6.506023265328281235e-01
1.893043799999999828e+04,6.509466266666376066e-01
1.896121919999999955e+04,6.514947952146836752e-01
1.899200039999999717e+04,6.520608845943484111e-01
1.902278159999999843e+04,6.519819925319378928e-01
1.905356279999999970e+04,6.510304665601641672e-01
1.908434399999999732e+04,6.510610833259391494e-01
1.911512519999999859e+04,6.505607788765432886e-01
1.914590639999999985e+04,6.501402002980087858e-01
1.917668759999999747e+04,6.492953129078810059e-01
1.920746879999999874e+04,6.479076482034404894e-01
1.923825000000000000e+04,6.476382242043525750e-01
1.926903119999999763e+04,6.483091987793212496e-01
1.929981239999999889e+04,6.492331455947801810e-01
1.933059360000000015e+04,6.494080237580824866e-01
1.936137479999999778e+04,6.498039188262108024e-01
1.939215599999999904e+04,6.502622286672151697e-01
1.942293720000000030e+04,6.503425188811629010e-01
1.945371839999999793e+04,6.519176459467775908e-01
1.948449959999999919e+04,6.500507174219691819e-01
1.951528080000000045e+04,6.478529891528318485e-01
1.954606199999999808e+04,6.470524868159451826e-01
1.957684319999999934e+04,6.445463249048359877e-01
1.960762440000000061e+04,6.423281740036682619e-01
1.963840559999999823e+04,6.433217700885948132e-01
1.966918679999999949e+04,6.443703120825388098e-01
1.969996800000000076e+04,6.450323219012251696e-01
1.973074919999999838e+04,6.456024512423185202e-01
1.976153039999999964e+04,6.445697924311103444e-01
1.979231159999999727e+04,6.445667277833806441e-01
1.982309279999999853e+04,6.448243053482194398e-01
1.985387399999999980e+04,6.448976897976219647e-01
1.988465519999999742e+04,6.439164899542658693e-01
1.991543639999999868e+04,6.452831880929805752e-01
1.994621759999999995e+04,6.449418470847940732e-01
1.997699879999999757e+04,6.449981710264839352e-01
2.000777999999999884e+04,6.456544186024290033e-01
2.003856120000000010e+04,6.483550012506238414e-01
2.006934239999999772e+04,6.497893510055540167e-01
2.010012359999999899e+04,6.516533792596008734e-01
2.013090480000000025e+04,6.537839864206169693e-01
2.016168599999999788e+04,6.559022187278966687e-01
2.019246719999999914e+04,6.577942231015873054e-01
2.022324840000000040e+04,6.589459604174340290e-01
2.025402959999999803e+04,6.578297082835604659e-01
2.028481079999999929e+04,6.592155309518832329e-01
2.031559200000000055e+04,6.591599681462029237e-01
2.034637319999999818e+04,6.589505360102686504e-01
2.037715439999999944e+04,6.595240682252644371e-01
2.040793560000000070e+04,6.583083394715204539e-01
2.043871679999999833e+04,6.598152930816192363e-01
2.046949799999999959e+04,6.608458677436601647e-01
2.050027919999999722e+04,6.603250362369440518e-01
2.053106039999999848e+04,6.614521154617442056e-01
2.056184159999999974e+04,6.591533969310808816e-01
2.059262279999999737e+04,6.602169408248050875e-01
2.062340399999999863e+04,6.603153288429285395e-01
2.065418519999999990e+04,6.616928923465775769e-01
2.068496639999999752e+04,6.649271579242348462e-01
2.071574759999999878e+04,6.630336215365989494e-01
2.074652880000000005e+04,6.566841505851099825e-01
2.077730999999999767e+04,6.526926389439098308e-01
2.080809119999999893e+04,6.508511993808567819e-01
2.083887240000000020e+04,6.503870387555302779e-01
2.086965359999999782e+04,6.516097897363850588e-01
2.090043479999999909e+04,6.522177892016729484e-01
2.093121600000000035e+04,6.533467158312337153e-01
2.096199719999999797e+04,6.557250059415988819e-01
2.099277839999999924e+04,6.573393919245430483e-01
2.102355960000000050e+04,6.579120255261693417e-01
2.105434079999999813e+04,6.589481209739164180e-01
2.108512199999999939e+04,6.609588635281429259e-01
2.111590320000000065e+04,6.611717206458646023e-01
2.114668439999999828e+04,6.604277015957997765e-01
2.117746559999999954e+04,6.599385891313314101e-01
2.120824679999999717e+04,6.589110867319877274e-01
2.123902799999999843e+04,6.591644891346533086e-01
2.126980919999999969e+04,6.577283260324813252e-01
2.130059039999999732e+04,6.557786287185102259e-01
2.133137159999999858e+04,6.539267105473778319e-01
2.136215279999999984e+04,6.496852987411354530e-01
2.139293399999999747e+04,6.466812146459105515e-01
2.142371519999999873e+04,6.430151630692642062e-01
2.145449639999999999e+04,6.402301018308999003e-01
2.148527759999999762e+04,6.388601197517318475e-01
2.151605879999999888e+04,6.378721243676288566e-01
2.154684000000000015e+04,6.352531315766913877e-01
2.157762119999999777e+04,6.337307166202880149e-01
2.160840239999999903e+04,6.328285364253077860e-01
2.163918360000000030e+04,6.317992775995009413e-01
2.166996479999999792e+04,6.313639243458336603e-01
2.170074599999999919e+04,6.288356801793186790e-01
2.173152720000000045e+04,6.290560118367256592e-01
2.176230839999999807e+04,6.267283136919354902e-01
2.179308959999999934e+04,6.265073850385831644e-01
2.182387080000000060e+04,6.250817978556806320e-01
2.185465199999999822e+04,6.255501836999097787e-01
2.188543319999999949e+04,6.267095327749195866e-01
2.191621439999999711e+04,6.255098255777512550e-01
2.194699559999999838e+04,6.264176081439187804e-01
2.197777679999999964e+04,6.260858768220720627e-01
2.200855799999999726e+04,6.246006513923092474e-01
2.203933919999999853e+04,6.226306323684083210e-01
2.207012039999999979e+04,6.205429772433894708e-01
2.210090159999999742e+04,6.198233070087216801e-01
2.213168279999999868e+04,6.187166308918231605e-01
2.216246399999999994e+04,6.192458636820872275e-01
2.219324519999999757e+04,6.207911197628289690e-01
2.222402639999999883e+04,6.194929258948136397e-01
2.225480760000000009e+04,6.160058881966871125e-01
2.228558879999999772e+04,6.160779281688006925e-01
2.231636999999999898e+04,6.153148866167473807e-01
2.234715120000000024e+04,6.154927230151664430e-01
2.237793239999999787e+04,6.148103714057282509e-01
2.240871359999999913e+04,6.138373528153304726e-01
2.243949480000000040e+04,6.134695464850256075e-01
2.247027599999999802e+04,6.149710277172746320e-01
2.250105719999999928e+04,6.145394800308965344e-01
2.253183840000000055e+04,6.139965833850301591e-01
2.256261959999999817e+04,6.154120028815746046e-01
2.259340079999999944e+04,6.169453954101995485e-01
2.262418199999999706e+04,6.167723682180686895e-01
2.265496319999999832e+04,6.159684931532873886e-01
2.268574439999999959e+04,6.174179502640121386e-01
2.271652559999999721e+04,6.193888768961830493e-01
2.274730679999999847e+04,6.160819434172164488e-01
2.277808799999999974e+04,6.134817678139193875e-01
2.280886919999999736e+04,6.134046480922250577e-01
2.283965039999999863e+04,6.131956296424628805e-01
2.287043159999999989e+04,6.143233744110746519e-01
2.290121279999999751e+04,6.150476904353483487e-01
2.293199399999999878e+04,6.147187762479163764e-01
2.296277520000000004e+04,6.151161569234633308e-01
2.299355639999999767e+04,6.132424760687603671e-01
2.302433759999999893e+04,6.121837129548496348e-01
2.305511880000000019e+04,6.126971191191571409e-01
2.308589999999999782e+04,6.109301848395211065e-01
2.311668119999999908e+04,6.107585879553549812e-01
2.314746240000000034e+04,6.132921440200735930e-01
2.317824359999999797e+04,6.174634476511545733e-01
2.320902479999999923e+04,6.215125578461759837e-01
2.323980600000000049e+04,6.243135172445105630e-01
2.327058719999999812e+04,6.242812982113949971e-01
2.330136839999999938e+04,6.232652610360961409e-01
2.333214959999999701e+04,6.228889963790704698e-01
2.336293079999999827e+04,6.235575231312309175e-01
2.339371199999999953e+04,6.249670538965059752e-01
2.342449319999999716e+04,6.260144340419133702e-01
2.345527439999999842e+04,6.261130276888265955e-01
2.348605559999999969e+04,6.256672471981447048e-01
2.351683679999999731e+04,6.234325002190509446e-01
2.354761799999999857e+04,6.227127419026917687e-01
2.357839919999999984e+04,6.226751563872892081e-01
2.360918039999999746e+04,6.221762803774886219e-01
2.363996159999999873e+04,6.202922849407781491e-01
2.367074279999999999e+04,6.185289912635980603e-01
2.370152399999999761e+04,6.183946292345009477e-01
2.373230519999999888e+04,6.180176991711273660e-01
2.376308640000000014e+04,6.184801972939126813e-01
2.379386759999999776e+04,6.208748733516737950e-01
2.382464879999999903e+04,6.204996874546748753e-01
2.385543000000000029e+04,6.193047548870180830e-01
2.388621119999999792e+04,6.209474408513812049e-01
2.391699239999999918e+04,6.210192927278437303e-01
2.394777360000000044e+04,6.204505861715808868e-01
2.397855479999999807e+04,6.190326507356619379e-01
2.400933599999999933e+04,6.175126695587499492e-01
2.404011719999999696e+04,6.189118531727361150e-01
2.407089839999999822e+04,6.198724959541187518e-01
2.410167959999999948e+04,6.202288211222232173e-01
2.413246079999999711e+04,6.196250197883954591e-01
2.416324199999999837e+04,6.179619486143198559e-01
2.419402319999999963e+04,6.173824419778204398e-01
2.422480439999999726e+04,6.178377759898627808e-01
2.425558559999999852e+04,6.190479996656196304e-01
2.428636679999999978e+04,6.209954822999377289e-01
2.431714799999999741e+04,6.222825080726233082e-01
2.434792919999999867e+04,6.220575112155484199e-01
2.437871039999999994e+04,6.206671630567693887e-01
2.440949159999999756e+04,6.216103947448078371e-01
2.444027279999999882e+04,6.187948080339985557e-01
2.447105400000000009e+04,6.141105058727229782e-01
2.450183519999999771e+04,6.120029900647903087e-01
2.453261639999999898e+04,6.118380677914635468e-01
2.456339760000000024e+04,6.126275879861000639e-01
2.459417879999999786e+04,6.136291786397519710e-01
2.462495999999999913e+04,6.141391232394858291e-01
2.465574120000000039e+04,6.126803206190750695e-01
2.468652239999999802e+04,6.135998716669380793e-01
2.471730359999999928e+04,6.142390406350826115e-01
2.474808479999999690e+04,6.146097826423766453e-01
2.477886599999999817e+04,6.129354947415943666e-01
2.480964719999999943e+04,6.143019844651907979e-01
2.484042839999999705e+04,6.135653977978527962e-01
2.487120959999999832e+04,6.134101246476976188e-01
2.490199079999999958e+04,6.121618577908858327e-01
2.493277199999999721e+04,6.107158306432510786e-01
2.496355319999999847e+04,6.094260174351917581e-01
2.499433439999999973e+04,6.099563574106521280e-01
2.502511559999999736e+04,6.102318104216051253e-01
2.505589679999999862e+04,6.103178379723428471e-01
2.508667799999999988e+04,6.114575567998221661e-01
2.511745919999999751e+04,6.121997694402717682e-01
2.514824039999999877e+04,6.144810838116407936e-01
2.517902160000000003e+04,6.157472809930244484e-01
2.520980279999999766e+04,6.159240805850365597e-01
2.524058399999999892e+04,6.155251992823899121e-01
2.527136520000000019e+04,6.145936164706622407e-01
2.530214639999999781e+04,6.148018521317945018e-01
2.533292759999999907e+04,6.141163491730067259e-01
2.536370880000000034e+04,6.127642469538656655e-01
2.539448999999999796e+04,6.113478800984665229e-01
2.542527119999999923e+04,6.096370468039506996e-01
2.545605239999999685e+04,6.077161206499582802e-01
2.548683359999999811e+04,6.072583291177044984e-01
2.551761479999999938e+04,6.083508110285389403e-01
2.554839599999999700e+04,6.100603746276761497e-01
2.557917719999999827e+04,6.118783108061111031e-01
2.560995839999999953e+04,6.147680370836229313e-01
2.564073959999999715e+04,6.171422898481336849e-01
2.567152079999999842e+04,6.202526993907387931e-01
2.570230199999999968e+04,6.215522790040345358e-01
2.573308319999999730e+04,6.218245050244811667e-01
2.576386439999999857e+04,6.229220033007624169e-01
2.579464559999999983e+04,6.239467454577751759e-01
2.582542679999999746e+04,6.242558163130725868e-01
2.585620799999999872e+04,6.238996214007626051e-01
2.588698919999999998e+04,6.231060995810678849e-01
2.591777039999999761e+04,6.231843448333465041e-01
2.594855159999999887e+04,6.244469794152971431e-01
2.597933280000000013e+04,6.276206814962819180e-01
2.601011399999999776e+04,6.274945342614047794e-01
2.604089519999999902e+04,6.269063825037685111e-01
2.607167640000000029e+04,6.270739272214113091e-01
2.610245759999999791e+04,6.281883987198385588e-01
2.613323879999999917e+04,6.272435505945519463e-01
2.616401999999999680e+04,6.264936949686548129e-01
2.619480119999999806e+04,6.259354929691635094e-01
2.622558239999999932e+04,6.273232779359565470e-01
2.625636359999999695e+04,6.277274301449496940e-01
2.628714479999999821e+04,6.277952131341464348e-01
2.631792599999999948e+04,6.262536693277920286e-01
2.634870719999999710e+04,6.247481045080639506e-01
2.637948839999999836e+04,6.226638387680412112e-01
2.641026959999999963e+04,6.220752233731479119e-01
2.644105079999999725e+04,6.228199963831416719e-01
2.647183199999999852e+04,6.236319130215767226e-01
2.650261319999999978e+04,6.238740071633108730e-01
2.653339439999999740e+04,6.251175040004829375e-01
2.656417559999999867e+04,6.256720804580023776e-01
2.659495679999999993e+04,6.264529916016674527e-01
2.662573799999999756e+04,6.260817931203411790e-01
2.665651919999999882e+04,6.259653758008282276e-01
2.668730040000000008e+04,6.252929851776296566e-01
2.671808159999999771e+04,6.254352782747867323e-01
2.674886279999999897e+04,6.270940167084909644e-01
2.677964400000000023e+04,6.265517432785496776e-01
2.681042519999999786e+04,6.240796208991353788e-01
2.684120639999999912e+04,6.221053518659870329e-01
2.687198759999999675e+04,6.232647598972275160e-01
2.690276879999999801e+04,6.236408643046242872e-01
2.693354999999999927e+04,6.236059761371105514e-01
2.696433119999999690e+04,6.215400622647622164e-01
2.699511239999999816e+04,6.212601036152475276e-01
2.702589359999999942e+04,6.232683171713925274e-01
2.705667479999999705e+04,6.229831131826898405e-01
2.708745599999999831e+04,6.251150039377936229e-01
2.711823719999999958e+04,6.261173600984034637e-01
2.714901839999999720e+04,6.277143112712327833e-01
2.717979959999999846e+04,6.240886717042154475e-01
2.721058079999999973e+04,6.205406682367499149e-01
2.724136199999999735e+04,6.186682274810799687e-01
2.727214319999999861e+04,6.177518512717700139e-01
2.730292439999999988e+04,6.167849096402598930e-01
2.733370559999999750e+04,6.150520785554826064e-01
2.736448679999999877e+04,6.164836648489067095e-01
2.739526800000000003e+04,6.174907670864224762e-01
2.742604919999999765e+04,6.178291867390790504e-01
2.745683039999999892e+04,6.185476696196779978e-01
2.748761160000000018e+04,6.189072276262633787e-01
2.751839279999999781e+04,6.198081328256198619e-01
2.754917399999999907e+04,6.215729411625281475e-01
2.757995519999999669e+04,6.226805384385311060e-01
2.761073639999999796e+04,6.206498469540918661e-01
2.764151759999999922e+04,6.201313535433012891e-01
2.767229879999999685e+04,6.191712243732049314e-01
2.770307999999999811e+04,6.183065971084185097e-01
2.773386119999999937e+04,6.189587686826955037e-01
2.776464239999999700e+04,6.219928810124667473e-01
2.779542359999999826e+04,6.217815084713607110e-01
2.782620479999999952e+04,6.214203694989864912e-01
2.785698599999999715e+04,6.214273883959685607e-01
2.788776719999999841e+04,6.223901187086213760e-01
2.791854839999999967e+04,6.240054938307633137e-01
2.794932959999999730e+04,6.240713469401134583e-01
2.798011079999999856e+04,6.235554615627073582e-01
2.801089199999999983e+04,6.243951377154201010e-01
2.804167319999999745e+04,6.231830637530281214e-01
2.807245439999999871e+04,6.217525952640426956e-01
2.810323559999999998e+04,6.233738226471177146e-01
2.813401679999999760e+04,6.234457938268582744e-01
2.816479799999999886e+04,6.234195566035825031e-01
2.819557920000000013e+04,6.198986544104615470e-01
2.822636039999999775e+04,6.162648257491541992e-01
2.825714159999999902e+04,6.146946917143757405e-01
2.828792280000000028e+04,6.150130326754185139e-01
2.831870399999999790e+04,6.136775796624196477e-01
2.834948519999999917e+04,6.142547509788535143e-01
2.838026639999999679e+04,6.171607350516722379e-01
2.841104759999999806e+04,6.171477861303951151e-01
2.844182879999999932e+04,6.175743447250744422e-01
2.847260999999999694e+04,6.183637948024490738e-01
2.850339119999999821e+04,6.197805112476896250e-01
2.853417239999999947e+04,6.199533276664174197e-01
2.856495359999999710e+04,6.209617067538418800e-01
2.859573479999999836e+04,6.248779482256273665e-01
2.862651599999999962e+04,6.252983828473639427e-01
2.865729719999999725e+04,6.257690548680121534e-01
2.868807839999999851e+04,6.245783763523171661e-01
2.871885959999999977e+04,6.251451024901792941e-01
2.874964079999999740e+04,6.264807745913428816e-01
2.878042199999999866e+04,6.278044642940610043e-01
2.881120319999999992e+04,6.278230226559169402e-01
2.884198439999999755e+04,6.302559870162532940e-01
2.887276559999999881e+04,6.318561808527267676e-01
2.890354680000000008e+04,6.301133107954608459e-01
2.893432799999999770e+04,6.301702213935457264e-01
2.896510919999999896e+04,6.291461529540934849e-01
2.899589040000000023e+04,6.276539333631430129e-01
2.902667159999999785e+04,6.275979505627032884e-01
2.905745279999999912e+04,6.248505111071942508e-01
2.908823399999999674e+04,6.221451609095561830e-01
2.911901519999999800e+04,6.193477637333213437e-01
2.914979639999999927e+04,6.175238266720997071e-01
2.918057759999999689e+04,6.169410419523588818e-01
2.921135879999999815e+04,6.169167511174614704e-01
2.924213999999999942e+04,6.174006174783684964e-01
2.927292119999999704e+04,6.199482269966923864e-01
2.930370239999999831e+04,6.211826288599562318e-01
2.933448359999999957e+04,6.228185482039256815e-01
2.936526479999999719e+04,6.235205223248950768e-01
2.939604599999999846e+04,6.231616853261212619e-01
2.942682719999999972e+04,6.211819406476748462e-01
2.945760839999999735e+04,6.188366794065877086e-01
2.948838959999999861e+04,6.173878161844379431e-01
2.951917079999999987e+04,6.203273746631018382e-01
2.954995199999999750e+04,6.226944510715965997e-01
2.958073319999999876e+04,6.233180667671069930e-01
2.961151440000000002e+04,6.227123655107087430e-01
2.964229559999999765e+04,6.194248722899527992e-01
2.967307679999999891e+04,6.161272613440811341e-01
2.970385800000000017e+04,6.137623335120500068e-01
2.973463919999999780e+04,6.123069363861319836e-01
2.976542039999999906e+04,6.111996633936822576e-01
2.979620159999999669e+04,6.122636395685743249e-01
2.982698279999999795e+04,6.145180616317822420e-01
2.985776399999999921e+04,6.158927394373848729e-01
2.988854519999999684e+04,6.168684328402194161e-01
2.991932639999999810e+04,6.170746211213804511e-01
2.995010759999999937e+04,6.176962348235138789e-01
2.998088879999999699e+04,6.177570813944346373e-01
3.001166999999999825e+04,6.202061004092629393e-01
3.004245119999999952e+04,6.225630063131143421e-01
3.007323239999999714e+04,6.242433786771310888e-01
3.010401359999999841e+04,6.233955668590474009e-01
3.013479479999999967e+04,6.224393741765261723e-01
3.016557599999999729e+04,6.229690495475265211e-01
3.019635719999999856e+04,6.220627401850955529e-01
3.022713839999999982e+04,6.207631868296248356e-01
3.025791959999999744e+04,6.192914933692454937e-01
3.028870079999999871e+04,6.203743741200489215e-01
3.031948199999999997e+04,6.229429201511600400e-01
3.035026319999999760e+04,6.248205288524072420e-01
3.038104439999999886e+04,6.275539630128028623e-01
3.041182560000000012e+04,6.299445377365551213e-01
3.044260679999999775e+04,6.283406261769464152e-01
3.047338799999999901e+04,6.278089472268770788e-01
3.050416919999999664e+04,6.264650267714289011e-01
3.053495039999999790e+04,6.266922734951583251e-01
3.056573159999999916e+04,6.259448728220218250e-01
3.059651279999999679e+04,6.277589623376318428e-01
3.062729399999999805e+04,6.288030365881099870e-01
3.065807519999999931e+04,6.323107453540776079e-01
3.068885639999999694e+04,6.358007550883447712e-01
3.071963759999999820e+04,6.346877987865656712e-01
3.075041879999999946e+04,6.334859707094349091e-01
3.078119999999999709e+04,6.342100719640998419e-01
3.081198119999999835e+04,6.350276184339369578e-01
3.084276239999999962e+04,6.345633857473815809e-01
3.087354359999999724e+04,6.327245209184023667e-01
3.090432479999999850e+04,6.312998541500591809e-01
3.093510599999999977e+04,6.323232734480414008e-01
3.096588719999999739e+04,6.334816550290400805e-01
3.099666839999999866e+04,6.315825963406016541e-01
3.102744959999999992e+04,6.286233727858795417e-01
3.105823079999999754e+04,6.273150658936410551e-01
3.108901199999999881e+04,6.273176210489306293e-01
3.111979320000000007e+04,6.262189674049114529e-01
3.115057439999999769e+04,6.258643597466858610e-01
3.118135559999999896e+04,6.247205669772237790e-01
3.121213679999999658e+04,6.252488841367679351e-01
3.124291799999999785e+04,6.251585381236058891e-01
3.127369919999999911e+04,6.245395693027809836e-01
3.130448039999999673e+04,6.211502920238798353e-01
3.133526159999999800e+04,6.176644557883235187e-01
3.136604279999999926e+04,6.176624182152825604e-01
3.139682399999999689e+04,6.198442268019719315e-01
3.142760519999999815e+04,6.217015732241869541e-01
3.145838639999999941e+04,6.218187481579737774e-01
3.148916759999999704e+04,6.232637136988721238e-01
