0.000000000000000000e+00,2.826764404984785539e+00
3.078119999999999834e+01,2.827017154735173676e+00
6.156239999999999668e+01,2.827762081872976729e+00
9.234359999999999502e+01,2.837042214330545598e+00
1.231247999999999934e+02,2.845394407010350069e+00
1.539060000000000059e+02,2.845218965335986727e+00
1.846871999999999900e+02,2.850695055534052447e+00
2.154683999999999742e+02,2.852652646427875194e+00
2.462495999999999867e+02,2.851487999168186516e+00
2.770307999999999993e+02,2.851185970790638624e+00
3.078120000000000118e+02,2.843909305141553823e+00
3.385931999999999675e+02,2.844516581189364235e+00
3.693743999999999801e+02,2.844276112524012579e+00
4.001555999999999926e+02,2.845757532639123788e+00
4.309367999999999483e+02,2.847194767162785745e+00
4.617179999999999609e+02,2.861723062203595180e+00
4.924991999999999734e+02,2.868362580252589833e+00
5.232803999999999860e+02,2.872993308970592796e+00
5.540615999999999985e+02,2.866161696874120590e+00
5.848428000000000111e+02,2.864635928150091271e+00
6.156240000000000236e+02,2.872025577963289500e+00
6.464051999999999225e+02,2.877484204041386828e+00
6.771863999999999351e+02,2.882063625340423041e+00
7.079675999999999476e+02,2.885538309555867542e+00
7.387487999999999602e+02,2.878341473007267393e+00
7.695299999999999727e+02,2.879896189141228025e+00
8.003111999999999853e+02,2.873522600600481258e+00
8.310923999999999978e+02,2.854904736602043247e+00
8.618735999999998967e+02,2.846019569327838283e+00
8.926547999999999092e+02,2.856657807351026257e+00
9.234359999999999218e+02,2.856848859626060833e+00
9.542171999999999343e+02,2.856997232196257563e+00
9.849983999999999469e+02,2.849663345897115452e+00
1.015779599999999959e+03,2.853263996555658544e+00
1.046560799999999972e+03,2.854922371549141857e+00
1.077341999999999871e+03,2.849265072928182541e+00
1.108123199999999997e+03,2.845978320853804977e+00
1.138904399999999896e+03,2.850870734943362184e+00
1.169685600000000022e+03,2.848895736029767978e+00
1.200466799999999921e+03,2.851860153170350021e+00
1.231248000000000047e+03,2.849476544884680607e+00
1.262029199999999946e+03,2.851551424162054982e+00
1.292810399999999845e+03,2.854567703289685010e+00
1.323591599999999971e+03,2.860922968663142552e+00
1.354372799999999870e+03,2.861515537777769680e+00
1.385153999999999996e+03,2.858748313971959387e+00
1.415935199999999895e+03,2.852649315102147920e+00
1.446716400000000021e+03,2.842725656862435279e+00
1.477497599999999920e+03,2.833069596763274411e+00
1.508278799999999819e+03,2.827625939492828699e+00
1.539059999999999945e+03,2.829742647805135292e+00
1.569841199999999844e+03,2.822413192947264893e+00
1.600622399999999971e+03,2.821963730741652299e+00
1.631403599999999869e+03,2.820694737616050940e+00
1.662184799999999996e+03,2.817997557162775113e+00
1.692965999999999894e+03,2.816292476610395390e+00
1.723747199999999793e+03,2.812669125995741481e+00
1.754528399999999920e+03,2.817680360308621346e+00
1.785309599999999818e+03,2.829021752941149881e+00
1.816090799999999945e+03,2.841785011074672962e+00
1.846871999999999844e+03,2.850322221094894193e+00
1.877653199999999970e+03,2.847384419878918216e+00
1.908434399999999869e+03,2.843556356807972474e+00
1.939215599999999995e+03,2.845496096525002017e+00
1.969996799999999894e+03,2.841018506402983590e+00
2.000777999999999793e+03,2.847458348570955700e+00
2.031559199999999919e+03,2.858139058302807012e+00
2.062340400000000045e+03,2.856280915018051036e+00
2.093121599999999944e+03,2.859836483411262176e+00
2.123902799999999843e+03,2.856801543902275142e+00
2.154683999999999742e+03,2.859546819825506514e+00
2.185465200000000095e+03,2.861827383585188400e+00
2.216246399999999994e+03,2.857268101616479150e+00
2.247027599999999893e+03,2.846153631009211704e+00
2.277808799999999792e+03,2.833350725638588141e+00
2.308589999999999691e+03,2.827099866951709117e+00
2.339371200000000044e+03,2.825562661566022538e+00
2.370152399999999943e+03,2.822345883133829059e+00
2.400933599999999842e+03,2.826459964877045650e+00
2.431714799999999741e+03,2.825977978698056337e+00
2.462496000000000095e+03,2.823908423754901253e+00
2.493277199999999993e+03,2.829567862440324877e+00
2.524058399999999892e+03,2.826129185976848479e+00
2.554839599999999791e+03,2.811316978549495360e+00
2.585620799999999690e+03,2.808742968660231654e+00
2.616402000000000044e+03,2.805291915573465911e+00
2.647183199999999943e+03,2.805769736630221889e+00
2.677964399999999841e+03,2.804828762130083586e+00
2.708745599999999740e+03,2.804584413205146731e+00
2.739526799999999639e+03,2.806339999207978941e+00
2.770307999999999993e+03,2.806869137639920186e+00
2.801089199999999892e+03,2.812441861681775457e+00
2.831870399999999790e+03,2.809654029079553084e+00
2.862651599999999689e+03,2.802675688873961679e+00
2.893432800000000043e+03,2.803352057193659874e+00
2.924213999999999942e+03,2.796307654141163113e+00
2.954995199999999841e+03,2.789868416777514959e+00
2.985776399999999740e+03,2.789496739228086497e+00
3.016557599999999638e+03,2.786287084869876640e+00
3.047338799999999992e+03,2.783546088780350480e+00
3.078119999999999891e+03,2.783320191128463073e+00
3.108901199999999790e+03,2.790716040709340540e+00
3.139682399999999689e+03,2.796732726248980061e+00
3.170463600000000042e+03,2.806855193728907683e+00
3.201244799999999941e+03,2.811573908451066472e+00
3.232025999999999840e+03,2.806554078622415016e+00
3.262807199999999739e+03,2.800665262464236527e+00
3.293588399999999638e+03,2.801872020007025288e+00
3.324369599999999991e+03,2.808668795917518946e+00
3.355150799999999890e+03,2.813767229782278445e+00
3.385931999999999789e+03,2.813182530598245190e+00
3.416713199999999688e+03,2.810718743052701640e+00
3.447494399999999587e+03,2.811973005539563530e+00
3.478275599999999940e+03,2.811423837137194681e+00
3.509056799999999839e+03,2.813695708922921312e+00
3.539837999999999738e+03,2.809826058953103889e+00
3.570619199999999637e+03,2.809529694158250379e+00
3.601400399999999991e+03,2.808213109796463769e+00
3.632181599999999889e+03,2.814296725427764656e+00
3.662962799999999788e+03,2.814919047264766494e+00
3.693743999999999687e+03,2.814851885627973616e+00
3.724525199999999586e+03,2.815019836288813249e+00
3.755306399999999940e+03,2.818903504374278057e+00
3.786087599999999838e+03,2.831606386927642660e+00
3.816868799999999737e+03,2.843363288420345913e+00
3.847649999999999636e+03,2.849743474779395935e+00
3.878431199999999990e+03,2.858526028262079244e+00
3.909212399999999889e+03,2.870885815812783459e+00
3.939993599999999788e+03,2.883296847125741635e+00
3.970774799999999686e+03,2.903072889573953042e+00
4.001555999999999585e+03,2.910124158875459610e+00
4.032337199999999939e+03,2.912403591423360805e+00
4.063118399999999838e+03,2.914143292996147050e+00
4.093899599999999737e+03,2.915059925990437506e+00
4.124680800000000090e+03,2.925723172471920375e+00
4.155461999999999534e+03,2.922262416562750875e+00
4.186243199999999888e+03,2.924403400068694037e+00
4.217024399999999332e+03,2.920449793338859124e+00
4.247805599999999686e+03,2.926626705136165629e+00
4.278586800000000039e+03,2.939155712768108053e+00
4.309367999999999483e+03,2.945876603159544693e+00
4.340149199999999837e+03,2.917987760569571432e+00
4.370930400000000191e+03,2.899875630160428930e+00
4.401711599999999635e+03,2.893707663421199783e+00
4.432492799999999988e+03,2.890593327226573805e+00
4.463273999999999432e+03,2.880495214525808922e+00
4.494055199999999786e+03,2.877247799241113402e+00
4.524836400000000140e+03,2.875488309380085816e+00
4.555617599999999584e+03,2.866316710454695826e+00
4.586398799999999937e+03,2.864056906746608622e+00
4.617179999999999382e+03,2.874566065068155041e+00
4.647961199999999735e+03,2.874876936622063450e+00
4.678742400000000089e+03,2.858371059723182839e+00
4.709523599999999533e+03,2.854690339354142292e+00
4.740304799999999886e+03,2.844004159569149426e+00
4.771085999999999331e+03,2.842375266902782194e+00
4.801867199999999684e+03,2.851295474245622685e+00
4.832648400000000038e+03,2.862300614995119563e+00
4.863429599999999482e+03,2.865077829781681018e+00
4.894210799999999836e+03,2.864025310684521042e+00
4.924992000000000189e+03,2.872328923991763538e+00
4.955773199999999633e+03,2.867168183411720417e+00
4.986554399999999987e+03,2.860206059872052897e+00
5.017335599999999431e+03,2.853118033154094846e+00
5.048116799999999785e+03,2.850780102900998703e+00
5.078898000000000138e+03,2.843367210377366394e+00
5.109679199999999582e+03,2.838192225833458426e+00
5.140460399999999936e+03,2.848959927128874359e+00
5.171241599999999380e+03,2.851707707250160873e+00
5.202022799999999734e+03,2.852113783028022098e+00
5.232804000000000087e+03,2.856360097171074308e+00
5.263585199999999531e+03,2.860381471575294654e+00
5.294366399999999885e+03,2.859547537745307899e+00
5.325147599999999329e+03,2.849358398088893463e+00
5.355928799999999683e+03,2.843884913926761460e+00
5.386710000000000036e+03,2.835972332899160619e+00
5.417491199999999480e+03,2.827616744270533999e+00
5.448272399999999834e+03,2.833481718174999830e+00
5.479053599999999278e+03,2.830697078504728292e+00
5.509834799999999632e+03,2.824110854186170361e+00
5.540615999999999985e+03,2.829512269260720192e+00
5.571397199999999430e+03,2.834985726068854017e+00
5.602178399999999783e+03,2.827776161893868601e+00
5.632959600000000137e+03,2.824599801381654895e+00
5.663740799999999581e+03,2.827421875412336583e+00
5.694521999999999935e+03,2.827408254218417571e+00
5.725303199999999379e+03,2.832418805566914610e+00
5.756084399999999732e+03,2.836288075628206506e+00
5.786865600000000086e+03,2.831479047477956978e+00
5.817646799999999530e+03,2.826709844112024417e+00
5.848427999999999884e+03,2.829420141310218462e+00
5.879209199999999328e+03,2.831371518818608823e+00
5.909990399999999681e+03,2.826367576735399734e+00
5.940771600000000035e+03,2.831259502381632487e+00
5.971552799999999479e+03,2.827226062331745116e+00
6.002333999999999833e+03,2.836826862829977980e+00
6.033115199999999277e+03,2.840978377534232546e+00
6.063896399999999630e+03,2.830444152912586997e+00
6.094677599999999984e+03,2.822799396743998379e+00
6.125458799999999428e+03,2.805989034521108039e+00
6.156239999999999782e+03,2.792648619950642619e+00
6.187021199999999226e+03,2.783537251883425601e+00
6.217802399999999579e+03,2.787363030117399720e+00
6.248583599999999933e+03,2.793418382100816721e+00
6.279364799999999377e+03,2.799121470475429696e+00
6.310145999999999731e+03,2.790136757627745379e+00
6.340927200000000084e+03,2.778240620857601151e+00
6.371708399999999529e+03,2.780648532940090512e+00
6.402489599999999882e+03,2.789395982561749143e+00
6.433270799999999326e+03,2.789640513794513943e+00
6.464051999999999680e+03,2.792784370606896438e+00
6.494833200000000033e+03,2.790699126124150276e+00
6.525614399999999478e+03,2.790280630636556403e+00
6.556395599999999831e+03,2.792468007525796825e+00
6.587176799999999275e+03,2.794857276423169168e+00
6.617957999999999629e+03,2.805735784665897015e+00
6.648739199999999983e+03,2.803162214544883568e+00
6.679520399999999427e+03,2.798092761962668540e+00
6.710301599999999780e+03,2.792875948223316307e+00
6.741082799999999224e+03,2.793134039563606841e+00
6.771863999999999578e+03,2.786470065302111276e+00
6.802645199999999932e+03,2.779691178160168086e+00
6.833426399999999376e+03,2.769646339256676359e+00
6.864207599999999729e+03,2.767485261777724137e+00
6.894988799999999173e+03,2.771813916038363690e+00
6.925769999999999527e+03,2.766177740174693422e+00
6.956551199999999881e+03,2.756852499420752167e+00
6.987332399999999325e+03,2.749326625497454657e+00
7.018113599999999678e+03,2.748646472810691854e+00
7.048894800000000032e+03,2.740091548343452477e+00
7.079675999999999476e+03,2.731204291488317892e+00
7.110457199999999830e+03,2.724160122204375423e+00
7.141238399999999274e+03,2.723548468091130381e+00
7.172019599999999627e+03,2.718697865710372863e+00
7.202800799999999981e+03,2.721999089795958948e+00
7.233581999999999425e+03,2.729940579501145326e+00
7.264363199999999779e+03,2.736495996835102140e+00
7.295144399999999223e+03,2.738547435355477511e+00
7.325925599999999577e+03,2.736828165056687023e+00
7.356706799999999930e+03,2.741132215212631618e+00
7.387487999999999374e+03,2.743041611818208381e+00
7.418269199999999728e+03,2.740852763726302932e+00
7.449050399999999172e+03,2.737337282617875012e+00
7.479831599999999526e+03,2.745991741333711378e+00
7.510612799999999879e+03,2.758858927974915165e+00
7.541393999999999323e+03,2.762636198862332026e+00
7.572175199999999677e+03,2.776883757479617021e+00
7.602956400000000031e+03,2.782060897244130526e+00
7.633737599999999475e+03,2.781758333064927147e+00
7.664518799999999828e+03,2.782868495120116581e+00
7.695299999999999272e+03,2.788014050118611031e+00
7.726081199999999626e+03,2.792862422013416612e+00
7.756862399999999980e+03,2.791417380238665480e+00
7.787643599999999424e+03,2.801400744713512747e+00
7.818424799999999777e+03,2.812816948399893935e+00
7.849205999999999221e+03,2.821130260286424107e+00
7.879987199999999575e+03,2.814067921350804635e+00
7.910768399999999929e+03,2.812583864897164609e+00
7.941549599999999373e+03,2.810243910291583713e+00
7.972330799999999726e+03,2.815413485473543087e+00
8.003111999999999171e+03,2.817487093769417861e+00
8.033893199999999524e+03,2.816917277335023506e+00
8.064674399999999878e+03,2.822713850901193311e+00
8.095455599999999322e+03,2.836674459724095154e+00
8.126236799999999675e+03,2.841004199022684418e+00
8.157017999999999120e+03,2.839689230079693427e+00
8.187799199999999473e+03,2.857059686779432894e+00
8.218580399999998917e+03,2.860750502935208939e+00
8.249361600000000180e+03,2.867990943099796741e+00
8.280142799999999625e+03,2.875592576459021554e+00
8.310923999999999069e+03,2.872879617269108454e+00
8.341705200000000332e+03,2.872692816111808600e+00
8.372486399999999776e+03,2.870511555476538135e+00
8.403267599999999220e+03,2.857924379126393966e+00
8.434048799999998664e+03,2.836453091477410204e+00
8.464829999999999927e+03,2.823611730032821399e+00
8.495611199999999371e+03,2.811294156316360926e+00
8.526392399999998815e+03,2.800744195618520838e+00
8.557173600000000079e+03,2.792949416065467094e+00
8.587954799999999523e+03,2.779132475895514265e+00
8.618735999999998967e+03,2.766238296687128617e+00
8.649517200000000230e+03,2.752267626859640881e+00
8.680298399999999674e+03,2.748307112499531968e+00
8.711079599999999118e+03,2.748596071453729195e+00
8.741860800000000381e+03,2.737599194907504696e+00
8.772641999999999825e+03,2.736113545018685311e+00
8.803423199999999269e+03,2.732004902365066989e+00
8.834204399999998714e+03,2.734226074563729014e+00
8.864985599999999977e+03,2.733965321634489243e+00
8.895766799999999421e+03,2.738257436948105195e+00
8.926547999999998865e+03,2.735283358327712300e+00
8.957329200000000128e+03,2.738498808234063997e+00
8.988110399999999572e+03,2.745595250817113975e+00
9.018891599999999016e+03,2.744392781673832271e+00
9.049672800000000279e+03,2.744567349627063724e+00
9.080453999999999724e+03,2.741883933556803044e+00
9.111235199999999168e+03,2.740951609947506640e+00
9.142016399999998612e+03,2.737483093303137327e+00
9.172797599999999875e+03,2.743678427092526739e+00
9.203578799999999319e+03,2.741345967244991577e+00
9.234359999999998763e+03,2.754979558657352445e+00
9.265141200000000026e+03,2.760205476986876683e+00
9.295922399999999470e+03,2.761955444251112279e+00
9.326703599999998914e+03,2.770841603216924742e+00
9.357484800000000178e+03,2.760160722631444408e+00
9.388265999999999622e+03,2.756293414269979980e+00
9.419047199999999066e+03,2.752748094692045733e+00
9.449828400000000329e+03,2.751365623857673359e+00
9.480609599999999773e+03,2.748066885686689442e+00
9.511390799999999217e+03,2.745748611655395077e+00
9.542171999999998661e+03,2.749156233541539152e+00
9.572953199999999924e+03,2.749682649042993532e+00
9.603734399999999368e+03,2.759537377924443202e+00
9.634515599999998813e+03,2.770081803966859102e+00
9.665296800000000076e+03,2.751834190073367381e+00
9.696077999999999520e+03,2.741179050033025977e+00
9.726859199999998964e+03,2.737820031302001578e+00
9.757640400000000227e+03,2.748833542000816088e+00
9.788421599999999671e+03,2.763054971805967153e+00
9.819202799999999115e+03,2.758413316378937274e+00
9.849984000000000378e+03,2.760965230122506497e+00
9.880765199999999822e+03,2.771180536240116510e+00
9.911546399999999267e+03,2.783494834451878841e+00
9.942327599999998711e+03,2.804376475792214940e+00
9.973108799999999974e+03,2.807660004443019552e+00
1.000388999999999942e+04,2.804221312925143650e+00
1.003467119999999886e+04,2.804189444824215283e+00
1.006545240000000013e+04,2.793701464943069812e+00
1.009623359999999957e+04,2.790859532773372731e+00
1.012701479999999901e+04,2.791275221125876449e+00
1.015779600000000028e+04,2.791704312552999223e+00
1.018857719999999972e+04,2.798128500191770396e+00
1.021935839999999916e+04,2.806518645796002520e+00
1.025013959999999861e+04,2.815793701411427374e+00
1.028092079999999987e+04,2.812530375988086639e+00
1.031170199999999932e+04,2.819669596386494614e+00
1.034248319999999876e+04,2.817704370185302842e+00
1.037326440000000002e+04,2.811061290289859294e+00
1.040404559999999947e+04,2.798117899562125199e+00
1.043482679999999891e+04,2.788422819319105628e+00
1.046560800000000017e+04,2.771693884886692327e+00
1.049638919999999962e+04,2.768710725707607345e+00
1.052717039999999906e+04,2.766364602083036139e+00
1.055795160000000033e+04,2.776936812506757946e+00
1.058873279999999977e+04,2.769624744999714672e+00
1.061951399999999921e+04,2.758485007441932702e+00
1.065029519999999866e+04,2.761830011003471252e+00
1.068107639999999992e+04,2.763988150615555028e+00
1.071185759999999937e+04,2.766992592718005017e+00
1.074263879999999881e+04,2.763129328801063878e+00
1.077342000000000007e+04,2.761125643375182737e+00
1.080420119999999952e+04,2.756698409599948274e+00
1.083498239999999896e+04,2.751145325127371866e+00
1.086576360000000022e+04,2.749942010533021897e+00
1.089654479999999967e+04,2.750436530366335841e+00
1.092732599999999911e+04,2.748357714473387059e+00
1.095810719999999856e+04,2.733946734114364840e+00
1.098888839999999982e+04,2.719231676541779663e+00
1.101966959999999926e+04,2.722343965334949267e+00
1.105045079999999871e+04,2.721359264118708765e+00
1.108123199999999997e+04,2.721395100332589578e+00
1.111201319999999942e+04,2.714865617568118950e+00
1.114279439999999886e+04,2.718774047761102430e+00
1.117357560000000012e+04,2.727003045729703423e+00
1.120435679999999957e+04,2.720839014898714048e+00
1.123513799999999901e+04,2.716344838970677245e+00
1.126591920000000027e+04,2.715025831493323771e+00
1.129670039999999972e+04,2.711005680000525775e+00
1.132748159999999916e+04,2.710153609076261905e+00
1.135826279999999861e+04,2.709881869400367904e+00
1.138904399999999987e+04,2.708038511036556351e+00
1.141982519999999931e+04,2.701140856234468757e+00
1.145060639999999876e+04,2.686367022468552967e+00
1.148138760000000002e+04,2.684056076558947179e+00
1.151216879999999946e+04,2.681558607547850137e+00
1.154294999999999891e+04,2.670177337269635132e+00
1.157373120000000017e+04,2.662646730089268665e+00
1.160451239999999962e+04,2.665831009818353969e+00
1.163529359999999906e+04,2.665607256357574339e+00
1.166607479999999850e+04,2.661263890755823702e+00
1.169685599999999977e+04,2.650875406314618932e+00
1.172763719999999921e+04,2.640381897017002100e+00
1.175841839999999866e+04,2.636376660116203308e+00
1.178919959999999992e+04,2.631322420282388386e+00
1.181998079999999936e+04,2.636489388941417378e+00
1.185076199999999881e+04,2.635363220517389138e+00
1.188154320000000007e+04,2.631330698968822102e+00
1.191232439999999951e+04,2.627689405184532756e+00
1.194310559999999896e+04,2.626350191509780885e+00
1.197388680000000022e+04,2.625720972023867894e+00
1.200466799999999967e+04,2.631876507369749874e+00
1.203544919999999911e+04,2.630141584475322425e+00
1.206623039999999855e+04,2.631654244044840052e+00
1.209701159999999982e+04,2.641105543926007826e+00
1.212779279999999926e+04,2.643977257752047727e+00
1.215857399999999870e+04,2.647358642370498671e+00
1.218935519999999997e+04,2.642025630180818929e+00
1.222013639999999941e+04,2.638047239121046772e+00
1.225091759999999886e+04,2.643301080869160380e+00
1.228169880000000012e+04,2.640236429418977959e+00
1.231247999999999956e+04,2.651211374394257803e+00
1.234326119999999901e+04,2.652485724499693109e+00
1.237404239999999845e+04,2.656927698367891999e+00
1.240482359999999971e+04,2.659456790915051716e+00
1.243560479999999916e+04,2.664061733781904362e+00
1.246638599999999860e+04,2.665204605294405393e+00
1.249716719999999987e+04,2.665096168851820657e+00
1.252794839999999931e+04,2.660581514693137972e+00
1.255872959999999875e+04,2.654116663624996875e+00
1.258951080000000002e+04,2.648104087934192385e+00
1.262029199999999946e+04,2.655827206289178566e+00
1.265107319999999891e+04,2.648246959410228918e+00
1.268185440000000017e+04,2.643130950734188467e+00
1.271263559999999961e+04,2.637964824012271947e+00
1.274341679999999906e+04,2.639660412129206435e+00
1.277419799999999850e+04,2.655739477860068476e+00
1.280497919999999976e+04,2.668473600578666005e+00
1.283576039999999921e+04,2.681563695588805807e+00
1.286654159999999865e+04,2.675730904471902427e+00
1.289732279999999992e+04,2.670178625519553428e+00
1.292810399999999936e+04,2.667109137487933435e+00
1.295888519999999880e+04,2.665239533801915250e+00
1.298966640000000007e+04,2.666189580592177144e+00
1.302044759999999951e+04,2.654544152927261536e+00
1.305122879999999896e+04,2.649925325898471407e+00
1.308200999999999840e+04,2.650362102000584308e+00
1.311279119999999966e+04,2.649325923504572966e+00
1.314357239999999911e+04,2.656110108771915002e+00
1.317435359999999855e+04,2.654029799016962787e+00
1.320513479999999981e+04,2.653969573239390201e+00
1.323591599999999926e+04,2.661732662798366622e+00
1.326669719999999870e+04,2.678771147944464026e+00
1.329747839999999997e+04,2.682177714804273361e+00
1.332825959999999941e+04,2.676964596239727712e+00
1.335904079999999885e+04,2.665705161958969782e+00
1.338982200000000012e+04,2.654886215961459239e+00
1.342060319999999956e+04,2.649766317640218194e+00
1.345138439999999900e+04,2.647959996706005015e+00
1.348216559999999845e+04,2.651888539771757536e+00
1.351294679999999971e+04,2.657895011318478495e+00
1.354372799999999916e+04,2.658024459511273641e+00
1.357450919999999860e+04,2.659389941682416492e+00
1.360529039999999986e+04,2.664452951169375972e+00
1.363607159999999931e+04,2.657727972843647812e+00
1.366685279999999875e+04,2.651593447639344348e+00
1.369763400000000001e+04,2.653443274261945817e+00
1.372841519999999946e+04,2.655644091740985147e+00
1.375919639999999890e+04,2.658094118804574801e+00
1.378997759999999835e+04,2.655386163997210947e+00
1.382075879999999961e+04,2.659825761429440494e+00
1.385153999999999905e+04,2.658239956972379137e+00
1.388232119999999850e+04,2.657325731764110799e+00
1.391310239999999976e+04,2.654353047721953462e+00
1.394388359999999921e+04,2.653233401223693999e+00
1.397466479999999865e+04,2.651180135359680889e+00
1.400544599999999991e+04,2.648505288271801650e+00
1.403622719999999936e+04,2.650088321656546952e+00
1.406700839999999880e+04,2.636007379098988412e+00
1.409778960000000006e+04,2.627820327294148495e+00
1.412857079999999951e+04,2.624285299068345623e+00
1.415935199999999895e+04,2.623942974852922383e+00
1.419013319999999840e+04,2.629184585712945665e+00
1.422091439999999966e+04,2.631665530903440686e+00
1.425169559999999910e+04,2.633890649985207055e+00
1.428247679999999855e+04,2.629489993454208641e+00
1.431325799999999981e+04,2.636234750042947272e+00
1.434403919999999925e+04,2.641662064730518455e+00
1.437482039999999870e+04,2.648763716343331076e+00
1.440560159999999996e+04,2.651386069706281656e+00
1.443638279999999941e+04,2.644169526790344893e+00
1.446716399999999885e+04,2.646881014680243283e+00
1.449794520000000011e+04,2.650054448468673218e+00
1.452872639999999956e+04,2.649402584671289862e+00
1.455950759999999900e+04,2.651033654923064642e+00
1.459028879999999845e+04,2.650528376331960700e+00
1.462106999999999971e+04,2.648355968384971337e+00
1.465185119999999915e+04,2.648430740808289219e+00
1.468263239999999860e+04,2.643015947273342103e+00
1.471341359999999986e+04,2.637698052678119964e+00
1.474419479999999930e+04,2.639218441819640049e+00
1.477497599999999875e+04,2.635676930470639778e+00
1.480575720000000001e+04,2.638054324207640633e+00
1.483653839999999946e+04,2.641278297354381355e+00
1.486731959999999890e+04,2.643394079649402872e+00
1.489810079999999834e+04,2.642407510261301606e+00
1.492888199999999961e+04,2.644686988703848218e+00
1.495966319999999905e+04,2.636688821239042468e+00
1.499044439999999850e+04,2.637628929569661107e+00
1.502122559999999976e+04,2.635697646448733611e+00
1.505200679999999920e+04,2.642405493994198551e+00
1.508278799999999865e+04,2.640665769237521943e+00
1.511356919999999991e+04,2.641598182335972655e+00
1.514435039999999935e+04,2.639956711241420173e+00
1.517513159999999880e+04,2.644661780045384436e+00
1.520591280000000006e+04,2.645763222761317479e+00
1.523669399999999951e+04,2.645287188337741124e+00
1.526747519999999895e+04,2.638422039020017262e+00
1.529825639999999839e+04,2.630221349762364547e+00
1.532903759999999966e+04,2.618601497406552348e+00
1.535981879999999910e+04,2.615816144142059319e+00
1.539059999999999854e+04,2.627543320759984979e+00
1.542138119999999981e+04,2.637793455791316521e+00
1.545216239999999925e+04,2.645979499684605774e+00
1.548294359999999870e+04,2.649159668852262950e+00
1.551372479999999996e+04,2.658754235580607528e+00
1.554450599999999940e+04,2.671862446470446351e+00
1.557528719999999885e+04,2.677924761795900110e+00
1.560606839999999829e+04,2.682138142397945124e+00
1.563684959999999955e+04,2.683643325887412168e+00
1.566763079999999900e+04,2.686664730739364515e+00
1.569841199999999844e+04,2.679948915528829634e+00
1.572919319999999971e+04,2.686934898874310917e+00
1.575997439999999915e+04,2.687316923531893664e+00
1.579075559999999859e+04,2.686658322066315385e+00
1.582153679999999986e+04,2.694812825985719140e+00
1.585231799999999930e+04,2.686876799187975617e+00
1.588309919999999875e+04,2.671882932975101266e+00
1.591388040000000001e+04,2.679130869302346785e+00
1.594466159999999945e+04,2.671687525832064924e+00
1.597544279999999890e+04,2.669977861479257086e+00
1.600622399999999834e+04,2.668081494904715800e+00
1.603700519999999960e+04,2.678885752723163982e+00
1.606778639999999905e+04,2.674964034149694747e+00
1.609856759999999849e+04,2.684203725818710584e+00
1.612934879999999976e+04,2.692773185405743952e+00
1.616012999999999920e+04,2.694451165237894408e+00
1.619091119999999864e+04,2.693852689186851279e+00
1.622169239999999991e+04,2.700363547912145723e+00
1.625247359999999935e+04,2.690076493599474095e+00
1.628325479999999880e+04,2.678406065073374531e+00
1.631403599999999824e+04,2.686988363600539387e+00
1.634481719999999950e+04,2.694556273969920923e+00
1.637559839999999895e+04,2.691208674076841056e+00
1.640637960000000021e+04,2.697918754952051579e+00
1.643716079999999783e+04,2.702668197953692175e+00
1.646794199999999910e+04,2.704680048200773346e+00
1.649872320000000036e+04,2.698945052462857763e+00
1.652950439999999799e+04,2.685059462131020425e+00
1.656028559999999925e+04,2.667481627901103103e+00
1.659106680000000051e+04,2.663172417628310029e+00
1.662184799999999814e+04,2.677602630342850620e+00
1.665262919999999940e+04,2.687283356335619100e+00
1.668341040000000066e+04,2.693509206893562435e+00
1.671419159999999829e+04,2.699238775285618619e+00
1.674497279999999955e+04,2.707698114275885803e+00
1.677575400000000081e+04,2.713246006773833763e+00
1.680653519999999844e+04,2.718683181428821261e+00
1.683731639999999970e+04,2.708016567207763181e+00
1.686809759999999733e+04,2.675916815539112648e+00
1.689887879999999859e+04,2.659047852711060589e+00
1.692965999999999985e+04,2.660344010474712473e+00
1.696044119999999748e+04,2.656496722373172137e+00
1.699122239999999874e+04,2.656459146798888948e+00
1.702200360000000001e+04,2.651863640185750270e+00
1.705278479999999763e+04,2.657612729902092408e+00
1.708356599999999889e+04,2.669451106716517419e+00
1.711434720000000016e+04,2.671998638987627128e+00
1.714512839999999778e+04,2.665193297750612533e+00
1.717590959999999905e+04,2.660332984488370300e+00
1.720669080000000031e+04,2.653318730116563273e+00
1.723747199999999793e+04,2.650137584234308452e+00
1.726825319999999920e+04,2.638199562696779132e+00
1.729903440000000046e+04,2.634083713170695784e+00
1.732981559999999808e+04,2.624018645125039573e+00
1.736059679999999935e+04,2.625472772073534244e+00
1.739137800000000061e+04,2.633854576339429432e+00
1.742215919999999824e+04,2.642069981338655893e+00
1.745294039999999950e+04,2.648675245595442984e+00
1.748372160000000076e+04,2.666578106338985954e+00
1.751450279999999839e+04,2.672072669078458418e+00
1.754528399999999965e+04,2.679612224519859254e+00
1.757606519999999728e+04,2.690206424285223274e+00
1.760684639999999854e+04,2.698541237913663515e+00
1.763762759999999980e+04,2.707184353799540588e+00
1.766840879999999743e+04,2.702197315903802632e+00
1.769918999999999869e+04,2.697538674308639806e+00
1.772997119999999995e+04,2.698492224601706013e+00
1.776075239999999758e+04,2.698044696450812019e+00
1.779153359999999884e+04,2.694314014025819493e+00
1.782231480000000010e+04,2.691922482297313568e+00
1.785309599999999773e+04,2.687968459416184341e+00
1.788387719999999899e+04,2.678011212536210106e+00
1.791465840000000026e+04,2.679531716357140159e+00
1.794543959999999788e+04,2.672494687293886173e+00
1.797622079999999914e+04,2.657586538422815448e+00
1.800700200000000041e+04,2.652451971054022639e+00
1.803778319999999803e+04,2.648864301158215362e+00
1.806856439999999930e+04,2.648839110382746220e+00
1.809934560000000056e+04,2.649724548370288257e+00
1.813012679999999818e+04,2.653479726924959703e+00
1.816090799999999945e+04,2.655139462585840882e+00
1.819168920000000071e+04,2.660355977800028082e+00
1.822247039999999834e+04,2.662541724131380239e+00
1.825325159999999960e+04,2.660023034282135157e+00
1.828403279999999722e+04,2.666846853548599849e+00
1.831481399999999849e+04,2.671259321070932558e+00
1.834559519999999975e+04,2.672633597645208692e+00
1.837637639999999737e+04,2.670837758609516221e+00
1.840715759999999864e+04,2.671501675341301230e+00
1.843793879999999990e+04,2.669617328914272836e+00
1.846871999999999753e+04,2.670434871421237144e+00
1.849950119999999879e+04,2.663190640427469003e+00
1.853028240000000005e+04,2.673280831706668526e+00
1.856106359999999768e+04,2.685950160809723819e+00
1.859184479999999894e+04,2.683033727746728658e+00
1.862262600000000020e+04,2.673560782351995790e+00
1.865340719999999783e+04,2.673460814170035338e+00
1.868418839999999909e+04,2.672975761799339267e+00
1.871496960000000036e+04,2.673990977991421047e+00
1.874575079999999798e+04,2.672274256215209753e+00
1.877653199999999924e+04,2.671501335701112811e+00
1.880731320000000051e+04,2.671068360347396364e+00
1.883809439999999813e+04,2.664827025043360553e+00
1.886887559999999939e+04,2.657221418915947098e+00
1.889965680000000066e+04,2.650983563016574340e+00
1.893043799999999828e+04,2.652529170153111515e+00
1.896121919999999955e+04,2.655001156539647855e+00
1.899200039999999717e+04,2.657568682281074235e+00
1.902278159999999843e+04,2.657217443967328840e+00
1.905356279999999970e+04,2.652892797273893155e+00
1.908434399999999732e+04,2.653113240377154458e+00
1.911512519999999859e+04,2.650814726390593012e+00
1.914590639999999985e+04,2.648895377433471143e+00
1.917668759999999747e+04,2.645045243740708152e+00
1.920746879999999874e+04,2.638678371659105348e+00
1.923825000000000000e+04,2.637462477610794664e+00
1.926903119999999763e+04,2.640582901302496843e+00
1.929981239999999889e+04,2.644880876799379443e+00
1.933059360000000015e+04,2.645655078142574723e+00
1.936137479999999778e+04,2.647450025914237948e+00
1.939215599999999904e+04,2.649557800600094382e+00
1.942293720000000030e+04,2.649924695571640676e+00
1.945371839999999793e+04,2.657213243658350876e+00
1.948449959999999919e+04,2.648635310663698395e+00
1.951528080000000045e+04,2.638549967277503683e+00
1.954606199999999808e+04,2.634929465363219148e+00
1.957684319999999934e+04,2.623467160902950734e+00
1.960762440000000061e+04,2.613298117233087137e+00
1.963840559999999823e+04,2.617971948185943365e+00
1.966918679999999949e+04,2.622874952239770074e+00
1.969996800000000076e+04,2.625936954379146204e+00
1.973074919999999838e+04,2.628558958161950176e+00
1.976153039999999964e+04,2.623871051480427763e+00
1.979231159999999727e+04,2.623937709946500441e+00
1.982309279999999853e+04,2.625151711832476309e+00
1.985387399999999980e+04,2.625499573143071252e+00
1.988465519999999742e+04,2.620974679204786106e+00
1.991543639999999868e+04,2.627268604975248500e+00
1.994621759999999995e+04,2.625678546998060803e+00
1.997699879999999757e+04,2.625986943710943322e+00
2.000777999999999884e+04,2.629042762957895629e+00
2.003856120000000010e+04,2.641521088899678293e+00
2.006934239999999772e+04,2.648123645218978695e+00
2.010012359999999899e+04,2.656603876589791025e+00
2.013090480000000025e+04,2.666368667562186268e+00
2.016168599999999788e+04,2.676128077240650160e+00
2.019246719999999914e+04,2.684871253958531767e+00
2.022324840000000040e+04,2.690203298790879938e+00
2.025402959999999803e+04,2.685096113197964041e+00
2.028481079999999929e+04,2.691530607611710924e+00
2.031559200000000055e+04,2.691246930880216492e+00
2.034637319999999818e+04,2.690237916381626793e+00
2.037715439999999944e+04,2.692872576968624365e+00
2.040793560000000070e+04,2.687265736153417794e+00
2.043871679999999833e+04,2.694255929849165732e+00
2.046949799999999959e+04,2.699041505732911794e+00
2.050027919999999722e+04,2.696642903472133757e+00
2.053106039999999848e+04,2.701811227367674206e+00
2.056184159999999974e+04,2.691177999119937603e+00
2.059262279999999737e+04,2.696069522068960111e+00
2.062340399999999863e+04,2.696643423028302511e+00
2.065418519999999990e+04,2.703130308132153381e+00
2.068496639999999752e+04,2.718143982540622172e+00
2.071574759999999878e+04,2.709381939976520659e+00
2.074652880000000005e+04,2.679976175105812430e+00
2.077730999999999767e+04,2.661568020744402130e+00
2.080809119999999893e+04,2.653052032443689701e+00
2.083887240000000020e+04,2.650838924270516372e+00
2.086965359999999782e+04,2.656466524807950869e+00
2.090043479999999909e+04,2.659202165332881229e+00
2.093121600000000035e+04,2.664315520856298747e+00
2.096199719999999797e+04,2.675135587880112187e+00
2.099277839999999924e+04,2.682476447950926879e+00
2.102355960000000050e+04,2.685074468821647464e+00
2.105434079999999813e+04,2.689841290181167910e+00
2.108512199999999939e+04,2.699121421274453869e+00
2.111590320000000065e+04,2.700080050545084376e+00
2.114668439999999828e+04,2.696602789283461643e+00
2.117746559999999954e+04,2.694343201925255560e+00
2.120824679999999717e+04,2.689632573555985839e+00
2.123902799999999843e+04,2.690887414245520137e+00
2.126980919999999969e+04,2.684305794281899971e+00
2.130059039999999732e+04,2.675348611012710265e+00
2.133137159999999858e+04,2.666866816519520622e+00
2.136215279999999984e+04,2.647315802140011609e+00
2.139293399999999747e+04,2.633470801854473020e+00
2.142371519999999873e+04,2.616568306932842258e+00
2.145449639999999999e+04,2.603738442950757737e+00
2.148527759999999762e+04,2.597476712177589242e+00
2.151605879999999888e+04,2.592973185608232090e+00
2.154684000000000015e+04,2.580971773805230018e+00
2.157762119999999777e+04,2.574033259116163652e+00
2.160840239999999903e+04,2.569955179993435923e+00
2.163918360000000030e+04,2.565333318027190668e+00
2.166996479999999792e+04,2.563461587273231146e+00
2.170074599999999919e+04,2.551926641602261014e+00
2.173152720000000045e+04,2.553019372649272256e+00
2.176230839999999807e+04,2.542359453508719724e+00
2.179308959999999934e+04,2.541412950436900964e+00
2.182387080000000060e+04,2.534897254501461195e+00
2.185465199999999822e+04,2.537092993847017475e+00
2.188543319999999949e+04,2.542518865306818032e+00
2.191621439999999711e+04,2.537085323918577995e+00
2.194699559999999838e+04,2.541344799852991887e+00
2.197777679999999964e+04,2.539884209318128416e+00
2.200855799999999726e+04,2.533078388904362210e+00
2.203933919999999853e+04,2.524051533065212904e+00
2.207012039999999979e+04,2.514479389706597789e+00
2.210090159999999742e+04,2.511214554192656490e+00
2.213168279999999868e+04,2.506199794615387777e+00
2.216246399999999994e+04,2.508715030652859834e+00
2.219324519999999757e+04,2.515925736348180397e+00
2.222402639999999883e+04,2.510072191020924048e+00
2.225480760000000009e+04,2.494125133410976414e+00
2.228558879999999772e+04,2.494448213666419445e+00
2.231636999999999898e+04,2.490792912272784765e+00
2.234715120000000024e+04,2.491514785555462907e+00
2.237793239999999787e+04,2.488250277075644945e+00
2.240871359999999913e+04,2.483649938472848540e+00
2.243949480000000040e+04,2.481925872577385839e+00
2.247027599999999802e+04,2.488815941323285763e+00
2.250105719999999928e+04,2.486798794136697577e+00
2.253183840000000055e+04,2.484233790097226446e+00
2.256261959999999817e+04,2.490705232968170257e+00
2.259340079999999944e+04,2.497724261565186232e+00
2.262418199999999706e+04,2.496921025570330688e+00
2.265496319999999832e+04,2.493229122869264458e+00
2.268574439999999959e+04,2.500014912685328827e+00
2.271652559999999721e+04,2.509128127907507277e+00
2.274730679999999847e+04,2.493909806936552620e+00
2.277808799999999974e+04,2.481905667817577932e+00
2.280886919999999736e+04,2.481515280043216531e+00
2.283965039999999863e+04,2.480482866373259654e+00
2.287043159999999989e+04,2.485670008139971188e+00
2.290121279999999751e+04,2.489083780036926541e+00
2.293199399999999878e+04,2.487582417481623676e+00
2.296277520000000004e+04,2.489440875325160896e+00
2.299355639999999767e+04,2.480860364353494329e+00
2.302433759999999893e+04,2.476061753875944849e+00
2.305511880000000019e+04,2.478462287930714325e+00
2.308589999999999782e+04,2.470345157853256701e+00
2.311668119999999908e+04,2.469510905661378430e+00
2.314746240000000034e+04,2.481140440550435144e+00
2.317824359999999797e+04,2.500329146676845138e+00
2.320902479999999923e+04,2.518959641171695019e+00
2.323980600000000049e+04,2.531859999173748932e+00
2.327058719999999812e+04,2.531674240264716769e+00
2.330136839999999938e+04,2.526921001197873995e+00
2.333214959999999701e+04,2.525094151465777870e+00
2.336293079999999827e+04,2.528107006139514112e+00
2.339371199999999953e+04,2.534538436673264172e+00
2.342449319999999716e+04,2.539327589817408803e+00
2.345527439999999842e+04,2.539768456596016577e+00
2.348605559999999969e+04,2.537732147067884192e+00
2.351683679999999731e+04,2.527470487330233606e+00
2.354761799999999857e+04,2.524217501406550657e+00
2.357839919999999984e+04,2.524084130322008956e+00
2.360918039999999746e+04,2.521809271825660392e+00
2.363996159999999873e+04,2.513140517812046948e+00
2.367074279999999999e+04,2.505053347255584928e+00
2.370152399999999761e+04,2.504497266538189049e+00
2.373230519999999888e+04,2.502800393436112714e+00
2.376308640000000014e+04,2.504969206955288907e+00
2.379386759999999776e+04,2.515991591189408627e+00
2.382464879999999903e+04,2.514251717663464003e+00
2.385543000000000029e+04,2.508730611105593145e+00
2.388621119999999792e+04,2.516270076009899714e+00
2.391699239999999918e+04,2.516531112520758562e+00
2.394777360000000044e+04,2.513849811709739424e+00
2.397855479999999807e+04,2.507322232445759802e+00
2.400933599999999933e+04,2.500375126297615935e+00
2.404011719999999696e+04,2.506887393905830486e+00
2.407089839999999822e+04,2.511396592976574915e+00
2.410167959999999948e+04,2.513095864787517009e+00
2.413246079999999711e+04,2.510317957330819194e+00
2.416324199999999837e+04,2.502620105545422025e+00
2.419402319999999963e+04,2.499913040591084989e+00
2.422480439999999726e+04,2.501973563216073337e+00
2.425558559999999852e+04,2.507537577654980865e+00
2.428636679999999978e+04,2.516526082264543884e+00
2.431714799999999741e+04,2.522500584158920311e+00
2.434792919999999867e+04,2.521458217512083433e+00
2.437871039999999994e+04,2.515050252628331595e+00
2.440949159999999756e+04,2.519466928692284391e+00
2.444027279999999882e+04,2.506490456566885072e+00
2.447105400000000009e+04,2.484850393774065136e+00
2.450183519999999771e+04,2.475103962793549162e+00
2.453261639999999898e+04,2.474319281333845044e+00
2.456339760000000024e+04,2.477950826029086340e+00
2.459417879999999786e+04,2.482599590998987971e+00
2.462495999999999913e+04,2.484985498778836011e+00
2.465574120000000039e+04,2.478305909298458509e+00
2.468652239999999802e+04,2.482568956191763654e+00
2.471730359999999928e+04,2.485516825558430565e+00
2.474808479999999690e+04,2.487258514992545244e+00
2.477886599999999817e+04,2.479609062220410554e+00
2.480964719999999943e+04,2.485960983793224610e+00
2.484042839999999705e+04,2.482567814138496143e+00
2.487120959999999832e+04,2.481828593071582656e+00
2.490199079999999958e+04,2.476035841991710562e+00
2.493277199999999721e+04,2.469319752386586853e+00
2.496355319999999847e+04,2.463411265831122687e+00
2.499433439999999973e+04,2.465859456322986532e+00
2.502511559999999736e+04,2.467156640410393731e+00
2.505589679999999862e+04,2.467603889780086046e+00
2.508667799999999988e+04,2.472910499353941027e+00
2.511745919999999751e+04,2.476352623611706161e+00
2.514824039999999877e+04,2.486842227515533743e+00
2.517902160000000003e+04,2.492675509850291515e+00
2.520980279999999766e+04,2.493496578234676964e+00
2.524058399999999892e+04,2.491634803187703362e+00
2.527136520000000019e+04,2.487312969345804259e+00
2.530214639999999781e+04,2.488214832265612131e+00
2.533292759999999907e+04,2.485074100624140137e+00
2.536370880000000034e+04,2.478876546850567131e+00
2.539448999999999796e+04,2.472387784865162530e+00
2.542527119999999923e+04,2.464483420687854753e+00
2.545605239999999685e+04,2.455625350794014228e+00
2.548683359999999811e+04,2.453512206412504781e+00
2.551761479999999938e+04,2.458552560795691733e+00
2.554839599999999700e+04,2.466431813415574936e+00
2.557917719999999827e+04,2.474805126202969330e+00
2.560995839999999953e+04,2.488094151666448095e+00
2.564073959999999715e+04,2.499019594863836069e+00
2.567152079999999842e+04,2.513316977466594881e+00
2.570230199999999968e+04,2.519290884595752900e+00
2.573308319999999730e+04,2.520519910758330706e+00
2.576386439999999857e+04,2.525487018925681060e+00
2.579464559999999983e+04,2.530093662253566578e+00
2.582542679999999746e+04,2.531453950558179233e+00
2.585620799999999872e+04,2.529768699272315846e+00
2.588698919999999998e+04,2.526059469167973859e+00
2.591777039999999761e+04,2.526343349032488472e+00
2.594855159999999887e+04,2.532098561433169248e+00
2.597933280000000013e+04,2.546693830579194628e+00
2.601011399999999776e+04,2.546127953170014280e+00
2.604089519999999902e+04,2.543406246538803650e+00
2.607167640000000029e+04,2.544208281092697366e+00
2.610245759999999791e+04,2.549393472924516235e+00
2.613323879999999917e+04,2.545019496650625435e+00
2.616401999999999680e+04,2.541559496132979490e+00
2.619480119999999806e+04,2.538971721072320165e+00
2.622558239999999932e+04,2.545323814715836797e+00
2.625636359999999695e+04,2.547126770872127910e+00
2.628714479999999821e+04,2.547411143773997910e+00
2.631792599999999948e+04,2.540274215918062239e+00
2.634870719999999710e+04,2.533328749280180148e+00
2.637948839999999836e+04,2.523705097090071181e+00
2.641026959999999963e+04,2.520974441804506583e+00
2.644105079999999725e+04,2.524357385418779742e+00
2.647183199999999852e+04,2.528074225143672304e+00
2.650261319999999978e+04,2.529154896647868966e+00
2.653339439999999740e+04,2.534875735712011302e+00
2.656417559999999867e+04,2.537385621886281584e+00
2.659495679999999993e+04,2.540997233692001700e+00
2.662573799999999756e+04,2.539317253886149484e+00
2.665651919999999882e+04,2.538787181488578959e+00
2.668730040000000008e+04,2.535723159668136883e+00
2.671808159999999771e+04,2.536398230799697284e+00
2.674886279999999897e+04,2.544019057322364219e+00
2.677964400000000023e+04,2.541515720388332511e+00
2.681042519999999786e+04,2.530146688235932917e+00
2.684120639999999912e+04,2.521100588494233463e+00
2.687198759999999675e+04,2.526481620973655584e+00
2.690276879999999801e+04,2.528257230841883807e+00
2.693354999999999927e+04,2.528112746300179126e+00
2.696433119999999690e+04,2.518600715268879853e+00
2.699511239999999816e+04,2.517336138858593753e+00
2.702589359999999942e+04,2.526578041858424051e+00
2.705667479999999705e+04,2.525289139444418129e+00
2.708745599999999831e+04,2.535162212930556436e+00
2.711823719999999958e+04,2.539855746857146546e+00
2.714901839999999720e+04,2.547285729524834785e+00
2.717979959999999846e+04,2.530585582850661819e+00
2.721058079999999973e+04,2.514223016510676700e+00
2.724136199999999735e+04,2.505607757022573434e+00
2.727214319999999861e+04,2.501332920096803303e+00
2.730292439999999988e+04,2.496826372122986193e+00
2.733370559999999750e+04,2.488808882995554583e+00
2.736448679999999877e+04,2.495382267422968869e+00
2.739526800000000003e+04,2.500025178683719318e+00
2.742604919999999765e+04,2.501614533995768497e+00
2.745683039999999892e+04,2.504910487281330145e+00
2.748761160000000018e+04,2.506483426446934004e+00
2.751839279999999781e+04,2.510530697056887917e+00
2.754917399999999907e+04,2.518524262801183689e+00
2.757995519999999669e+04,2.523535362053329401e+00
2.761073639999999796e+04,2.514179113697022849e+00
2.764151759999999922e+04,2.511777583744726261e+00
2.767229879999999685e+04,2.507375865729537079e+00
2.770307999999999811e+04,2.503394480401696764e+00
2.773386119999999937e+04,2.506411374261633185e+00
2.776464239999999700e+04,2.520379820031893203e+00
2.779542359999999826e+04,2.519368103514971757e+00
2.782620479999999952e+04,2.517711709578299928e+00
2.785698599999999715e+04,2.517786360029520054e+00
2.788776719999999841e+04,2.522353094333994239e+00
2.791854839999999967e+04,2.529840677432758422e+00
2.794932959999999730e+04,2.530112664256131350e+00
2.798011079999999856e+04,2.527719961035056695e+00
2.801089199999999983e+04,2.531587946942689626e+00
2.804167319999999745e+04,2.526022961749124995e+00
2.807245439999999871e+04,2.519444141396165904e+00
2.810323559999999998e+04,2.526984490203182609e+00
2.813401679999999760e+04,2.527415262008713359e+00
2.816479799999999886e+04,2.527466924476416743e+00
2.819557920000000013e+04,2.511410996345834423e+00
2.822636039999999775e+04,2.494713419010540001e+00
2.825714159999999902e+04,2.487472440343578395e+00
2.828792280000000028e+04,2.488802866665165592e+00
2.831870399999999790e+04,2.482529666908126487e+00
2.834948519999999917e+04,2.485092745324995356e+00
2.838026639999999679e+04,2.498362220221403529e+00
2.841104759999999806e+04,2.498261562572577255e+00
2.844182879999999932e+04,2.500188119979433132e+00
2.847260999999999694e+04,2.503835095125178434e+00
2.850339119999999821e+04,2.510301488942586090e+00
2.853417239999999947e+04,2.511026476167506516e+00
2.856495359999999710e+04,2.515634601633091716e+00
2.859573479999999836e+04,2.533624699470435448e+00
2.862651599999999962e+04,2.535496763485492799e+00
2.865729719999999725e+04,2.537653708120993112e+00
2.868807839999999851e+04,2.532159016780230587e+00
2.871885959999999977e+04,2.534754708314452820e+00
2.874964079999999740e+04,2.540884358686369637e+00
2.878042199999999866e+04,2.546919643338917183e+00
2.881120319999999992e+04,2.546988546596843594e+00
2.884198439999999755e+04,2.558252778544625183e+00
2.887276559999999881e+04,2.565712264309631507e+00
2.890354680000000008e+04,2.557726906765087627e+00
2.893432799999999770e+04,2.558079935805422256e+00
2.896510919999999896e+04,2.553374886128994437e+00
2.899589040000000023e+04,2.546521232419787673e+00
2.902667159999999785e+04,2.546309437858795377e+00
2.905745279999999912e+04,2.533627146174827427e+00
2.908823399999999674e+04,2.521154591696613601e+00
2.911901519999999800e+04,2.508275741745801923e+00
2.914979639999999927e+04,2.499954575351940544e+00
2.918057759999999689e+04,2.497356909904242084e+00
2.921135879999999815e+04,2.497289914917637965e+00
2.924213999999999942e+04,2.499594986707405653e+00
2.927292119999999704e+04,2.511369355491481770e+00
2.930370239999999831e+04,2.517073327180027409e+00
2.933448359999999957e+04,2.524600376366613386e+00
2.936526479999999719e+04,2.527776588205018271e+00
2.939604599999999846e+04,2.526052554141819062e+00
2.942682719999999972e+04,2.516860388348850286e+00
2.945760839999999735e+04,2.505933464443079739e+00
2.948838959999999861e+04,2.499164209278688542e+00
2.951917079999999987e+04,2.512664638224706870e+00
2.954995199999999750e+04,2.523552726890925690e+00
2.958073319999999876e+04,2.526469493258719279e+00
2.961151440000000002e+04,2.523707532427511779e+00
2.964229559999999765e+04,2.508524482361232266e+00
2.967307679999999891e+04,2.493286129412757290e+00
2.970385800000000017e+04,2.482325303309913522e+00
2.973463919999999780e+04,2.475588143537501118e+00
2.976542039999999906e+04,2.470465497798374876e+00
2.979620159999999669e+04,2.475358310392727912e+00
2.982698279999999795e+04,2.485721834780426853e+00
2.985776399999999921e+04,2.492054779360876271e+00
2.988854519999999684e+04,2.496503174626333976e+00
2.991932639999999810e+04,2.497413610288000019e+00
2.995010759999999937e+04,2.500330367116295527e+00
2.998088879999999699e+04,2.500634403653331450e+00
3.001166999999999825e+04,2.511846507527375039e+00
3.004245119999999952e+04,2.522643928414715742e+00
3.007323239999999714e+04,2.530339620593297312e+00
3.010401359999999841e+04,2.526382127370440767e+00
3.013479479999999967e+04,2.521927793529288753e+00
3.016557599999999729e+04,2.524355831021779295e+00
3.019635719999999856e+04,2.520197057408585462e+00
3.022713839999999982e+04,2.514214138235067786e+00
3.025791959999999744e+04,2.507433198896354742e+00
3.028870079999999871e+04,2.512406477495305879e+00
3.031948199999999997e+04,2.524202702692398770e+00
3.035026319999999760e+04,2.532834314109706497e+00
3.038104439999999886e+04,2.545422308358029628e+00
3.041182560000000012e+04,2.556384336534656576e+00
3.044260679999999775e+04,2.548976074597343100e+00
3.047338799999999901e+04,2.546579476600856484e+00
3.050416919999999664e+04,2.540409914602478558e+00
3.053495039999999790e+04,2.541411056303477523e+00
3.056573159999999916e+04,2.537896951243150401e+00
3.059651279999999679e+04,2.546217085949043835e+00
3.062729399999999805e+04,2.551024873221985345e+00
3.065807519999999931e+04,2.567220939095185006e+00
3.068885639999999694e+04,2.583338952906345742e+00
3.071963759999999820e+04,2.578234321204993851e+00
3.075041879999999946e+04,2.572754199495625116e+00
3.078119999999999709e+04,2.576159127289591844e+00
3.081198119999999835e+04,2.579901441744386847e+00
3.084276239999999962e+04,2.577721032353238684e+00
3.087354359999999724e+04,2.569237011452521369e+00
3.090432479999999850e+04,2.562696684797534985e+00
3.093510599999999977e+04,2.567456123879549690e+00
3.096588719999999739e+04,2.572873143440180144e+00
3.099666839999999866e+04,2.564174764028494202e+00
3.102744959999999992e+04,2.550532068264752539e+00
3.105823079999999754e+04,2.544526986344778141e+00
3.108901199999999881e+04,2.544523837668818622e+00
3.111979320000000007e+04,2.539415787445443051e+00
3.115057439999999769e+04,2.537712763751580169e+00
3.118135559999999896e+04,2.532382977454787021e+00
3.121213679999999658e+04,2.534771933753145579e+00
3.124291799999999785e+04,2.534369803669205279e+00
3.127369919999999911e+04,2.531563265305850408e+00
3.130448039999999673e+04,2.515979909653229374e+00
3.133526159999999800e+04,2.499966684179767196e+00
3.136604279999999926e+04,2.500027709823462896e+00
3.139682399999999689e+04,2.510143403848053456e+00
3.142760519999999815e+04,2.518732105387488041e+00
3.145838639999999941e+04,2.519234725100556460e+00
3.148916759999999704e+04,2.525859736787835264e+00
