0.000000000000000000e+00,9.949740066630628377e+00
3.078119999999999834e+01,9.948587223414579128e+00
6.156239999999999668e+01,9.950228247515648050e+00
9.234359999999999502e+01,9.990703185307012291e+00
1.231247999999999934e+02,1.002734981937637038e+01
1.539060000000000059e+02,1.002599595072693717e+01
1.846871999999999900e+02,1.005073475828811524e+01
2.154683999999999742e+02,1.005923032731572242e+01
2.462495999999999867e+02,1.005257090956689758e+01
2.770307999999999993e+02,1.005045627258264140e+01
3.078120000000000118e+02,1.001778689849045456e+01
3.385931999999999675e+02,1.002044268132772231e+01
3.693743999999999801e+02,1.001872018613667770e+01
4.001555999999999926e+02,1.002507435661969737e+01
4.309367999999999483e+02,1.003163133140662211e+01
4.617179999999999609e+02,1.009729124606389483e+01
4.924991999999999734e+02,1.012644140069663834e+01
5.232803999999999860e+02,1.014685847972231514e+01
5.540615999999999985e+02,1.011544300450882439e+01
5.848428000000000111e+02,1.010822206950520830e+01
6.156240000000000236e+02,1.014044395482052607e+01
6.464051999999999225e+02,1.016344101444829384e+01
6.771863999999999351e+02,1.018265242827887462e+01
7.079675999999999476e+02,1.019786256257157397e+01
7.387487999999999602e+02,1.016664718518267030e+01
7.695299999999999727e+02,1.017561948591163912e+01
8.003111999999999853e+02,1.014841862431183728e+01
8.310923999999999978e+02,1.006563432463954122e+01
8.618735999999998967e+02,1.002689548754760018e+01
8.926547999999999092e+02,1.007560109021477324e+01
9.234359999999999218e+02,1.007737449110693539e+01
9.542171999999999343e+02,1.007997061135663053e+01
9.849983999999999469e+02,1.004761739537817711e+01
1.015779599999999959e+03,1.006326294600274096e+01
1.046560799999999972e+03,1.006862066536352351e+01
1.077341999999999871e+03,1.004189477492594484e+01
1.108123199999999997e+03,1.002608728725122411e+01
1.138904399999999896e+03,1.004817076959153255e+01
1.169685600000000022e+03,1.003887638663811721e+01
1.200466799999999921e+03,1.005189245276941357e+01
1.231248000000000047e+03,1.004080917651806359e+01
1.262029199999999946e+03,1.004977766548912221e+01
1.292810399999999845e+03,1.006200862020650710e+01
1.323591599999999971e+03,1.008940906750208200e+01
1.354372799999999870e+03,1.009119978951153485e+01
1.385153999999999996e+03,1.007909142065763675e+01
1.415935199999999895e+03,1.005227046753456754e+01
1.446716400000000021e+03,1.000826577180806787e+01
1.477497599999999920e+03,9.964735176903275260e+00
1.508278799999999819e+03,9.941186338325914917e+00
1.539059999999999945e+03,9.952122704858151536e+00
1.569841199999999844e+03,9.919132422612278788e+00
1.600622399999999971e+03,9.916161072548016264e+00
1.631403599999999869e+03,9.909857447379406992e+00
1.662184799999999996e+03,9.898145286864219017e+00
1.692965999999999894e+03,9.891301169886100197e+00
1.723747199999999793e+03,9.876061855636912412e+00
1.754528399999999920e+03,9.899555295177540515e+00
1.785309599999999818e+03,9.950578155265990432e+00
1.816090799999999945e+03,1.000752816014988511e+01
1.846871999999999844e+03,1.004493482679466432e+01
1.877653199999999970e+03,1.003129865987456526e+01
1.908434399999999869e+03,1.001427508251231480e+01
1.939215599999999995e+03,1.002261512315708458e+01
1.969996799999999894e+03,1.000249206088155418e+01
2.000777999999999793e+03,1.003175804923948888e+01
2.031559199999999919e+03,1.008003862810400619e+01
2.062340400000000045e+03,1.007065861167244947e+01
2.093121599999999944e+03,1.008658379463562582e+01
2.123902799999999843e+03,1.007158806493627878e+01
2.154683999999999742e+03,1.008362736000215065e+01
2.185465200000000095e+03,1.009394183485704666e+01
2.216246399999999994e+03,1.007314530287428944e+01
2.247027599999999893e+03,1.002351123803478394e+01
2.277808799999999792e+03,9.967051520986933255e+00
2.308589999999999691e+03,9.940335047881804442e+00
2.339371200000000044e+03,9.933317344147825523e+00
2.370152399999999943e+03,9.918150348214879841e+00
2.400933599999999842e+03,9.936868065441812448e+00
2.431714799999999741e+03,9.936324428504448747e+00
2.462496000000000095e+03,9.927066419823979970e+00
2.493277199999999993e+03,9.952600006091927298e+00
2.524058399999999892e+03,9.938521010424311797e+00
2.554839599999999791e+03,9.872539130402500973e+00
2.585620799999999690e+03,9.860649244319692031e+00
2.616402000000000044e+03,9.844139148442877740e+00
2.647183199999999943e+03,9.845805619627595817e+00
2.677964399999999841e+03,9.841791693003321129e+00
2.708745599999999740e+03,9.840462352886728326e+00
2.739526799999999639e+03,9.847541156254340677e+00
2.770307999999999993e+03,9.849181273608834886e+00
2.801089199999999892e+03,9.873866851022048863e+00
2.831870399999999790e+03,9.861113066310773334e+00
2.862651599999999689e+03,9.830420493628826861e+00
2.893432800000000043e+03,9.834013570913080926e+00
2.924213999999999942e+03,9.803358098861929548e+00
2.954995199999999841e+03,9.776253355921882715e+00
2.985776399999999740e+03,9.776101410755854815e+00
3.016557599999999638e+03,9.762375759098135930e+00
3.047338799999999992e+03,9.750518978091957223e+00
3.078119999999999891e+03,9.749348498844421229e+00
3.108901199999999790e+03,9.783079757203022808e+00
3.139682399999999689e+03,9.811292539560310999e+00
3.170463600000000042e+03,9.857184744493594053e+00
3.201244799999999941e+03,9.877910529987220301e+00
3.232025999999999840e+03,9.854285599102423632e+00
3.262807199999999739e+03,9.826483118802332939e+00
3.293588399999999638e+03,9.830799436529607860e+00
3.324369599999999991e+03,9.860110297583867478e+00
3.355150799999999890e+03,9.881190082295445265e+00
3.385931999999999789e+03,9.876543453597525613e+00
3.416713199999999688e+03,9.864090631360724615e+00
3.447494399999999587e+03,9.869104921049586920e+00
3.478275599999999940e+03,9.866216665396432717e+00
3.509056799999999839e+03,9.877226129375173969e+00
3.539837999999999738e+03,9.860176660681482019e+00
3.570619199999999637e+03,9.859289934010149636e+00
3.601400399999999991e+03,9.854262556370038340e+00
3.632181599999999889e+03,9.882573853957788756e+00
3.662962799999999788e+03,9.885604373530876288e+00
3.693743999999999687e+03,9.885665309263536926e+00
3.724525199999999586e+03,9.886456546385675281e+00
3.755306399999999940e+03,9.903179903906957904e+00
3.786087599999999838e+03,9.959656637555427849e+00
3.816868799999999737e+03,1.001145928639085447e+01
3.847649999999999636e+03,1.003927094957807675e+01
3.878431199999999990e+03,1.007785540441437178e+01
3.909212399999999889e+03,1.013295335294056088e+01
3.939993599999999788e+03,1.018897991792182189e+01
3.970774799999999686e+03,1.027675667334094101e+01
4.001555999999999585e+03,1.030765932364472448e+01
4.032337199999999939e+03,1.031757800148488613e+01
4.063118399999999838e+03,1.032452686603969916e+01
4.093899599999999737e+03,1.032802112193327204e+01
4.124680800000000090e+03,1.037664143966156161e+01
4.155461999999999534e+03,1.036165834799184005e+01
4.186243199999999888e+03,1.036987939803515424e+01
4.217024399999999332e+03,1.035122238964517294e+01
4.247805599999999686e+03,1.037810938484080658e+01
4.278586800000000039e+03,1.043469833439909067e+01
4.309367999999999483e+03,1.046485385668994006e+01
4.340149199999999837e+03,1.033774542235010330e+01
4.370930400000000191e+03,1.025587143582002092e+01
4.401711599999999635e+03,1.022818682430568771e+01
4.432492799999999988e+03,1.021502735675548479e+01
4.463273999999999432e+03,1.017005788041855396e+01
4.494055199999999786e+03,1.015750100741199979e+01
4.524836400000000140e+03,1.015185157039080543e+01
4.555617599999999584e+03,1.011092476836904552e+01
4.586398799999999937e+03,1.010137844381019434e+01
4.617179999999999382e+03,1.014873423227782112e+01
4.647961199999999735e+03,1.014977355547287274e+01
4.678742400000000089e+03,1.007553739744857779e+01
4.709523599999999533e+03,1.005989853861616545e+01
4.740304799999999886e+03,1.001193068851975099e+01
4.771085999999999331e+03,1.000196633833405713e+01
4.801867199999999684e+03,1.004136096927995148e+01
4.832648400000000038e+03,1.009129276164239641e+01
4.863429599999999482e+03,1.010401505878500217e+01
4.894210799999999836e+03,1.009971661892383921e+01
4.924992000000000189e+03,1.013804787791849549e+01
4.955773199999999633e+03,1.011451425100609924e+01
4.986554399999999987e+03,1.008136807787831657e+01
5.017335599999999431e+03,1.004753315449144324e+01
5.048116799999999785e+03,1.003609849744214699e+01
5.078898000000000138e+03,1.000271570249360131e+01
5.109679199999999582e+03,9.979962243147943113e+00
5.140460399999999936e+03,1.002943164078204141e+01
5.171241599999999380e+03,1.004422033339600162e+01
5.202022799999999734e+03,1.004826073349109805e+01
5.232804000000000087e+03,1.006897794092678744e+01
5.263585199999999531e+03,1.008819404844326151e+01
5.294366399999999885e+03,1.008564665664890114e+01
5.325147599999999329e+03,1.003915466257582878e+01
5.355928799999999683e+03,1.001442527418768158e+01
5.386710000000000036e+03,9.978819681774673711e+00
5.417491199999999480e+03,9.940698005110574442e+00
5.448272399999999834e+03,9.966405760473717734e+00
5.479053599999999278e+03,9.953609195732010306e+00
5.509834799999999632e+03,9.924433615970597700e+00
5.540615999999999985e+03,9.949081236124415639e+00
5.571397199999999430e+03,9.973442415516448278e+00
5.602178399999999783e+03,9.939651849920100091e+00
5.632959600000000137e+03,9.925347016756331797e+00
5.663740799999999581e+03,9.940207951103808171e+00
5.694521999999999935e+03,9.943307910780815106e+00
5.725303199999999379e+03,9.968321710122856061e+00
5.756084399999999732e+03,9.986683921065358405e+00
5.786865600000000086e+03,9.965449471530908099e+00
5.817646799999999530e+03,9.944331746267845773e+00
5.848427999999999884e+03,9.955801614580421344e+00
5.879209199999999328e+03,9.964472840108603791e+00
5.909990399999999681e+03,9.941357866968658641e+00
5.940771600000000035e+03,9.962603058155679037e+00
5.971552799999999479e+03,9.944425016114545102e+00
6.002333999999999833e+03,9.987518703081736504e+00
6.033115199999999277e+03,1.000731706084994066e+01
6.063896399999999630e+03,9.961314024531016997e+00
6.094677599999999984e+03,9.928790696610688471e+00
6.125458799999999428e+03,9.854265236433306541e+00
6.156239999999999782e+03,9.794261472846251593e+00
6.187021199999999226e+03,9.753783696118333069e+00
6.217802399999999579e+03,9.770119882721806093e+00
6.248583599999999933e+03,9.795259519960136885e+00
6.279364799999999377e+03,9.818284312586587959e+00
6.310145999999999731e+03,9.776637065034300633e+00
6.340927200000000084e+03,9.722177986811791683e+00
6.371708399999999529e+03,9.732900768293616167e+00
6.402489599999999882e+03,9.772344144306282843e+00
6.433270799999999326e+03,9.773274659584071600e+00
6.464051999999999680e+03,9.787601297132406231e+00
6.494833200000000033e+03,9.777961756077289124e+00
6.525614399999999478e+03,9.775570007041306297e+00
6.556395599999999831e+03,9.785298188088368931e+00
6.587176799999999275e+03,9.796702295923251924e+00
6.617957999999999629e+03,9.846124499778069250e+00
6.648739199999999983e+03,9.835347797064168063e+00
6.679520399999999427e+03,9.814107665853287088e+00
6.710301599999999780e+03,9.791780797915855317e+00
6.741082799999999224e+03,9.794503914513381204e+00
6.771863999999999578e+03,9.765285820933979011e+00
6.802645199999999932e+03,9.735297014531639093e+00
6.833426399999999376e+03,9.690693662557263721e+00
6.864207599999999729e+03,9.682048338351862071e+00
6.894988799999999173e+03,9.701711560276615742e+00
6.925769999999999527e+03,9.676766932994212311e+00
6.956551199999999881e+03,9.635579206577935096e+00
6.987332399999999325e+03,9.601881546883621610e+00
7.018113599999999678e+03,9.598896327843498000e+00
7.048894800000000032e+03,9.560319940430620278e+00
7.079675999999999476e+03,9.520651491740775185e+00
7.110457199999999830e+03,9.490260109066637639e+00
7.141238399999999274e+03,9.488258186715544440e+00
7.172019599999999627e+03,9.465913050117626071e+00
7.202800799999999981e+03,9.479298137579624139e+00
7.233581999999999425e+03,9.513894345601171310e+00
7.264363199999999779e+03,9.542528704806457540e+00
7.295144399999999223e+03,9.550116653387586751e+00
7.325925599999999577e+03,9.541717273227583007e+00
7.356706799999999930e+03,9.560721640631527407e+00
7.387487999999999374e+03,9.568831127420242666e+00
7.418269199999999728e+03,9.558722404494291780e+00
7.449050399999999172e+03,9.542687015547269169e+00
7.479831599999999526e+03,9.580403492619375072e+00
7.510612799999999879e+03,9.637377148858409015e+00
7.541393999999999323e+03,9.653542571533737515e+00
7.572175199999999677e+03,9.716339470033760861e+00
7.602956400000000031e+03,9.739318225667830120e+00
7.633737599999999475e+03,9.738407125119906027e+00
7.664518799999999828e+03,9.744737814214028404e+00
7.695299999999999272e+03,9.768510608529416217e+00
7.726081199999999626e+03,9.789927965642331031e+00
7.756862399999999980e+03,9.783095892487152057e+00
7.787643599999999424e+03,9.827672592019320419e+00
7.818424799999999777e+03,9.878813720238674989e+00
7.849205999999999221e+03,9.916440909694197003e+00
7.879987199999999575e+03,9.884955179599161923e+00
7.910768399999999929e+03,9.879068709859039288e+00
7.941549599999999373e+03,9.869842761603033310e+00
7.972330799999999726e+03,9.894730917494324984e+00
8.003111999999999171e+03,9.904534850104893096e+00
8.033893199999999524e+03,9.901798584365451461e+00
8.064674399999999878e+03,9.927674989664133420e+00
8.095455599999999322e+03,9.990155452919172063e+00
8.126236799999999675e+03,1.000853737271495447e+01
8.157017999999999120e+03,1.000205065888077982e+01
8.187799199999999473e+03,1.007971584498067408e+01
8.218580399999998917e+03,1.009615215905250629e+01
8.249361600000000180e+03,1.012848995191200707e+01
8.280142799999999625e+03,1.016320660228069706e+01
8.310923999999999069e+03,1.015170859857489205e+01
8.341705200000000332e+03,1.015127163947165911e+01
8.372486399999999776e+03,1.014157069807787437e+01
8.403267599999999220e+03,1.008513211596815751e+01
8.434048799999998664e+03,9.989343628465340075e+00
8.464829999999999927e+03,9.933233254977668736e+00
8.495611199999999371e+03,9.879508235640546587e+00
8.526392399999998815e+03,9.834102047201664476e+00
8.557173600000000079e+03,9.800248161200828534e+00
8.587954799999999523e+03,9.738175184792568828e+00
8.618735999999998967e+03,9.680913044351347807e+00
8.649517200000000230e+03,9.619327840494410253e+00
8.680298399999999674e+03,9.604423012842637775e+00
8.711079599999999118e+03,9.607590640899875467e+00
8.741860800000000381e+03,9.558950452720649693e+00
8.772641999999999825e+03,9.553192173536279697e+00
8.803423199999999269e+03,9.533642061119836697e+00
8.834204399999998714e+03,9.543096700354460893e+00
8.864985599999999977e+03,9.542004507424373116e+00
8.895766799999999421e+03,9.561385651278303754e+00
8.926547999999998865e+03,9.547961672816912326e+00
8.957329200000000128e+03,9.563245294452890732e+00
8.988110399999999572e+03,9.596269680510266298e+00
9.018891599999999016e+03,9.591999724164219643e+00
9.049672800000000279e+03,9.592101423425734907e+00
9.080453999999999724e+03,9.579353502306625856e+00
9.111235199999999168e+03,9.574705864208565842e+00
9.142016399999998612e+03,9.557639228905857820e+00
9.172797599999999875e+03,9.584001967251266407e+00
9.203578799999999319e+03,9.571077260311145807e+00
9.234359999999998763e+03,9.630812696363211245e+00
9.265141200000000026e+03,9.653112455571337236e+00
9.295922399999999470e+03,9.659998229832321925e+00
9.326703599999998914e+03,9.699606264611984940e+00
9.357484800000000178e+03,9.650287172971969696e+00
9.388265999999999622e+03,9.632943009802822587e+00
9.419047199999999066e+03,9.616870735960681316e+00
9.449828400000000329e+03,9.610185222573244701e+00
9.480609599999999773e+03,9.595442076381155871e+00
9.511390799999999217e+03,9.585266014893434772e+00
9.542171999999998661e+03,9.601395420264724478e+00
9.572953199999999924e+03,9.604481568160847971e+00
9.603734399999999368e+03,9.649106207595332663e+00
9.634515599999998813e+03,9.697033807643791192e+00
9.665296800000000076e+03,9.614035023326627183e+00
9.696077999999999520e+03,9.565286572935976395e+00
9.726859199999998964e+03,9.549345401344124795e+00
9.757640400000000227e+03,9.597914716471890983e+00
9.788421599999999671e+03,9.661743478750516090e+00
9.819202799999999115e+03,9.641602516354817354e+00
9.849984000000000378e+03,9.653898232568041138e+00
9.880765199999999822e+03,9.700075218088528572e+00
9.911546399999999267e+03,9.755926087450966122e+00
9.942327599999998711e+03,9.851083462657047818e+00
9.973108799999999974e+03,9.866182215637920194e+00
1.000388999999999942e+04,9.851482642782400490e+00
1.003467119999999886e+04,9.853023239187962190e+00
1.006545240000000013e+04,9.806799814814285199e+00
1.009623359999999957e+04,9.794749600284291091e+00
1.012701479999999901e+04,9.797435758259593896e+00
1.015779600000000028e+04,9.799371577041950943e+00
1.018857719999999972e+04,9.827552673275947726e+00
1.021935839999999916e+04,9.862711411817299378e+00
1.025013959999999861e+04,9.902733644069352081e+00
1.028092079999999987e+04,9.886093342812444007e+00
1.031170199999999932e+04,9.918162456005527261e+00
1.034248319999999876e+04,9.910137297409065127e+00
1.037326440000000002e+04,9.881377446598662573e+00
1.040404559999999947e+04,9.824570752104079929e+00
1.043482679999999891e+04,9.781478001496617836e+00
1.046560800000000017e+04,9.706287209100381119e+00
1.049638919999999962e+04,9.693000932520201118e+00
1.052717039999999906e+04,9.683609589542816920e+00
1.055795160000000033e+04,9.731672623649373577e+00
1.058873279999999977e+04,9.697760775721310011e+00
1.061951399999999921e+04,9.646107837089932246e+00
1.065029519999999866e+04,9.660642167237719846e+00
1.068107639999999992e+04,9.669309279829155557e+00
1.071185759999999937e+04,9.682795986923276033e+00
1.074263879999999881e+04,9.665306183327002643e+00
1.077342000000000007e+04,9.655554219739588717e+00
1.080420119999999952e+04,9.634483398222977613e+00
1.083498239999999896e+04,9.608834087745938390e+00
1.086576360000000022e+04,9.603702072001237156e+00
1.089654479999999967e+04,9.606948585836754262e+00
1.092732599999999911e+04,9.599029132494694139e+00
1.095810719999999856e+04,9.535236773935187315e+00
1.098888839999999982e+04,9.469699956435167820e+00
1.101966959999999926e+04,9.484469788194058282e+00
1.105045079999999871e+04,9.480577773719549128e+00
1.108123199999999997e+04,9.481585516153264948e+00
1.111201319999999942e+04,9.452007090697401637e+00
1.114279439999999886e+04,9.468283769517968906e+00
1.117357560000000012e+04,9.504099883301329044e+00
1.120435679999999957e+04,9.475420529108912859e+00
1.123513799999999901e+04,9.454734706253709930e+00
1.126591920000000027e+04,9.447821778474139620e+00
1.129670039999999972e+04,9.429897247288312911e+00
1.132748159999999916e+04,9.427249393994355131e+00
1.135826279999999861e+04,9.427211019041438433e+00
1.138904399999999987e+04,9.418466919847212182e+00
1.141982519999999931e+04,9.387084544124222774e+00
1.145060639999999876e+04,9.320928765511609981e+00
1.148138760000000002e+04,9.310820531095401975e+00
1.151216879999999946e+04,9.300100198909536431e+00
1.154294999999999891e+04,9.249893973642555167e+00
1.157373120000000017e+04,9.217091409890064924e+00
1.160451239999999962e+04,9.232645551831302200e+00
1.163529359999999906e+04,9.232653113672100176e+00
1.166607479999999850e+04,9.214486778910885079e+00
1.169685599999999977e+04,9.169324327104543926e+00
1.172763719999999921e+04,9.123583906222510365e+00
1.175841839999999866e+04,9.106876065187869074e+00
1.178919959999999992e+04,9.084045319866133283e+00
1.181998079999999936e+04,9.106876558945284472e+00
1.185076199999999881e+04,9.101611771212395396e+00
1.188154320000000007e+04,9.083453150188665504e+00
1.191232439999999951e+04,9.067466413947880000e+00
1.194310559999999896e+04,9.062491561644241855e+00
1.197388680000000022e+04,9.061603489835537317e+00
1.200466799999999967e+04,9.089851617344189449e+00
1.203544919999999911e+04,9.082438847247765068e+00
1.206623039999999855e+04,9.089441729217854871e+00
1.209701159999999982e+04,9.133670738149429980e+00
1.212779279999999926e+04,9.148969596479791022e+00
1.215857399999999870e+04,9.166305474153620736e+00
1.218935519999999997e+04,9.141503338121882649e+00
1.222013639999999941e+04,9.123626961016293890e+00
1.225091759999999886e+04,9.147419734661236035e+00
1.228169880000000012e+04,9.132158234119437168e+00
1.231247999999999956e+04,9.181480322662904925e+00
1.234326119999999901e+04,9.187824477256320677e+00
1.237404239999999845e+04,9.209155416271867622e+00
1.240482359999999971e+04,9.221457859349198927e+00
1.243560479999999916e+04,9.242815826547202462e+00
1.246638599999999860e+04,9.249098857631318893e+00
1.249716719999999987e+04,9.250495328698715269e+00
1.252794839999999931e+04,9.232360179745747075e+00
1.255872959999999875e+04,9.203156023577600209e+00
1.258951080000000002e+04,9.175896466538585372e+00
1.262029199999999946e+04,9.211275943503611785e+00
1.265107319999999891e+04,9.176543279696062427e+00
1.268185440000000017e+04,9.152088202057843347e+00
1.271263559999999961e+04,9.127470014701330570e+00
1.274341679999999906e+04,9.134631076951302830e+00
1.277419799999999850e+04,9.207131837661943763e+00
1.280497919999999976e+04,9.264617906572409467e+00
1.283576039999999921e+04,9.322092221796262734e+00
1.286654159999999865e+04,9.293633054876979216e+00
1.289732279999999992e+04,9.266875488385963422e+00
1.292810399999999936e+04,9.251511419568419825e+00
1.295888519999999880e+04,9.242333720533594033e+00
1.298966640000000007e+04,9.246556183811737384e+00
1.302044759999999951e+04,9.193988845416374289e+00
1.305122879999999896e+04,9.173711839873272211e+00
1.308200999999999840e+04,9.176469465316955620e+00
1.311279119999999966e+04,9.172605418422570267e+00
1.314357239999999911e+04,9.203664013921514453e+00
1.317435359999999855e+04,9.194018572245584053e+00
1.320513479999999981e+04,9.193934244980981774e+00
1.323591599999999926e+04,9.228894555148560386e+00
1.326669719999999870e+04,9.305685731457387533e+00
1.329747839999999997e+04,9.322004318937390011e+00
1.332825959999999941e+04,9.299668190942352197e+00
1.335904079999999885e+04,9.249919654400171609e+00
1.338982200000000012e+04,9.202109542921713015e+00
1.342060319999999956e+04,9.179331412104733801e+00
1.345138439999999900e+04,9.171320987417841408e+00
1.348216559999999845e+04,9.190306202892267962e+00
1.351294679999999971e+04,9.218867970716997817e+00
1.354372799999999916e+04,9.220365251845707988e+00
1.357450919999999860e+04,9.226494410373769384e+00
1.360529039999999986e+04,9.248934826664129361e+00
1.363607159999999931e+04,9.218394264943592376e+00
1.366685279999999875e+04,9.190834185227073405e+00
1.369763400000000001e+04,9.199513973586757487e+00
1.372841519999999946e+04,9.208519134667220385e+00
1.375919639999999890e+04,9.218807033188600286e+00
1.378997759999999835e+04,9.206543080350478192e+00
1.382075879999999961e+04,9.226874723584096216e+00
1.385153999999999905e+04,9.218829913157728484e+00
1.388232119999999850e+04,9.214207886723386309e+00
1.391310239999999976e+04,9.199868589165543398e+00
1.394388359999999921e+04,9.194157349331179674e+00
1.397466479999999865e+04,9.185406422969560225e+00
1.400544599999999991e+04,9.173281074945968783e+00
1.403622719999999936e+04,9.180919421688885862e+00
1.406700839999999880e+04,9.117073824542442750e+00
1.409778960000000006e+04,9.079906180680806571e+00
1.412857079999999951e+04,9.063359833566664747e+00
1.415935199999999895e+04,9.061220892221136580e+00
1.419013319999999840e+04,9.085043499700615754e+00
1.422091439999999966e+04,9.095892007475164576e+00
1.425169559999999910e+04,9.105811708487758338e+00
1.428247679999999855e+04,9.086756066953451949e+00
1.431325799999999981e+04,9.116628572708426859e+00
1.434403919999999925e+04,9.139969890876866287e+00
1.437482039999999870e+04,9.171255795597067717e+00
1.440560159999999996e+04,9.182439840773916728e+00
1.443638279999999941e+04,9.149974878383591914e+00
1.446716399999999885e+04,9.163182032724751735e+00
1.449794520000000011e+04,9.178099834771991539e+00
1.452872639999999956e+04,9.175373480094140888e+00
1.455950759999999900e+04,9.182650693554064603e+00
1.459028879999999845e+04,9.180885459245985203e+00
1.462106999999999971e+04,9.171323016169052877e+00
1.465185119999999915e+04,9.172483535138434618e+00
1.468263239999999860e+04,9.149300750923741177e+00
1.471341359999999986e+04,9.125958381505578032e+00
1.474419479999999930e+04,9.133080541373455929e+00
1.477497599999999875e+04,9.116625546885870790e+00
1.480575720000000001e+04,9.127185222994345537e+00
1.483653839999999946e+04,9.141279807340655594e+00
1.486731959999999890e+04,9.150347943476424106e+00
1.489810079999999834e+04,9.146318561319642271e+00
1.492888199999999961e+04,9.157062303887199661e+00
1.495966319999999905e+04,9.120587197890689168e+00
1.499044439999999850e+04,9.124341790607909175e+00
1.502122559999999976e+04,9.114924414398483776e+00
1.505200679999999920e+04,9.144846614784141181e+00
1.508278799999999865e+04,9.137118158604179641e+00
1.511356919999999991e+04,9.140968607214347230e+00
1.514435039999999935e+04,9.133332102966420507e+00
1.517513159999999880e+04,9.154466504759476209e+00
1.520591280000000006e+04,9.159483626565421588e+00
1.523669399999999951e+04,9.157998117706403818e+00
1.526747519999999895e+04,9.128290434063847769e+00
1.529825639999999839e+04,9.092263934866183561e+00
1.532903759999999966e+04,9.040643471861152136e+00
1.535981879999999910e+04,9.028625931710870134e+00
1.539059999999999854e+04,9.080948672981755010e+00
1.542138119999999981e+04,9.126087685536095506e+00
1.545216239999999925e+04,9.161774434572970804e+00
1.548294359999999870e+04,9.173461240196324695e+00
1.551372479999999996e+04,9.214263158442648205e+00
1.554450599999999940e+04,9.271782743128415660e+00
1.557528719999999885e+04,9.298329319575014296e+00
1.560606839999999829e+04,9.317038296729187152e+00
1.563684959999999955e+04,9.323544646233045796e+00
1.566763079999999900e+04,9.336839173024262806e+00
1.569841199999999844e+04,9.305359502130924554e+00
1.572919319999999971e+04,9.337824288342995160e+00
1.575997439999999915e+04,9.341081449069182696e+00
1.579075559999999859e+04,9.339009819515519339e+00
1.582153679999999986e+04,9.375097280903958108e+00
1.585231799999999930e+04,9.339661814586266431e+00
1.588309919999999875e+04,9.273099538047416601e+00
1.591388040000000001e+04,9.304637470645882757e+00
1.594466159999999945e+04,9.268464582550700825e+00
1.597544279999999890e+04,9.258983713943585769e+00
1.600622399999999834e+04,9.249710807023665993e+00
1.603700519999999960e+04,9.298203484015267861e+00
1.606778639999999905e+04,9.280781344702548452e+00
1.609856759999999849e+04,9.323006826951809600e+00
1.612934879999999976e+04,9.362383397032898458e+00
1.616012999999999920e+04,9.370741019173518538e+00
1.619091119999999864e+04,9.368001799472892799e+00
1.622169239999999991e+04,9.397736144627737431e+00
1.625247359999999935e+04,9.351737608283437808e+00
1.628325479999999880e+04,9.298233595173783783e+00
1.631403599999999824e+04,9.336537699975677285e+00
1.634481719999999950e+04,9.370117699573199843e+00
1.637559839999999895e+04,9.355029350435298596e+00
1.640637960000000021e+04,9.384991975913498763e+00
1.643716079999999783e+04,9.406239948655839456e+00
1.646794199999999910e+04,9.416008132896447336e+00
1.649872320000000036e+04,9.391400677782590023e+00
1.652950439999999799e+04,9.329576830045644087e+00
1.656028559999999925e+04,9.251262784942907658e+00
1.659106680000000051e+04,9.232767496251380379e+00
1.662184799999999814e+04,9.296670151303890961e+00
1.665262919999999940e+04,9.339241388643038988e+00
1.668341040000000066e+04,9.366631786450753339e+00
1.671419159999999829e+04,9.391456436102362915e+00
1.674497279999999955e+04,9.427959304611997382e+00
1.677575400000000081e+04,9.452569270649567201e+00
1.680653519999999844e+04,9.478278089993757760e+00
1.683731639999999970e+04,9.431542279434045994e+00
1.686809759999999733e+04,9.285778608672735857e+00
1.689887879999999859e+04,9.208935573972294009e+00
1.692965999999999985e+04,9.214857232651230134e+00
1.696044119999999748e+04,9.198034850146131092e+00
1.699122239999999874e+04,9.199412203601324833e+00
1.702200360000000001e+04,9.179195644483796102e+00
1.705278479999999763e+04,9.205046214834659679e+00
1.708356599999999889e+04,9.257830684423955958e+00
1.711434720000000016e+04,9.268705929217878392e+00
1.714512839999999778e+04,9.237295929331372335e+00
1.717590959999999905e+04,9.215420300406210075e+00
1.720669080000000031e+04,9.184925954024841133e+00
1.723747199999999793e+04,9.172505870182963150e+00
1.726825319999999920e+04,9.120779117157828964e+00
1.729903440000000046e+04,9.103556729110627188e+00
1.732981559999999808e+04,9.059239580786330848e+00
1.736059679999999935e+04,9.065162371872036218e+00
1.739137800000000061e+04,9.102044940142285157e+00
1.742215919999999824e+04,9.138589734247577923e+00
1.745294039999999950e+04,9.167239835788278057e+00
1.748372160000000076e+04,9.246576895387255135e+00
1.751450279999999839e+04,9.269466565264417923e+00
1.754528399999999965e+04,9.301604527108199960e+00
1.757606519999999728e+04,9.348160397962594459e+00
1.760684639999999854e+04,9.384919974710088653e+00
1.763762759999999980e+04,9.424293644047709861e+00
1.766840879999999743e+04,9.402398012363358148e+00
1.769918999999999869e+04,9.381339209383771305e+00
1.772997119999999995e+04,9.384756570051314029e+00
1.776075239999999758e+04,9.382187521851379941e+00
1.779153359999999884e+04,9.365186996989923074e+00
1.782231480000000010e+04,9.354818856781633940e+00
1.785309599999999773e+04,9.339061229991912683e+00
1.788387719999999899e+04,9.295953133144740477e+00
1.791465840000000026e+04,9.303726192238615411e+00
1.794543959999999788e+04,9.273039318853362190e+00
1.797622079999999914e+04,9.206711379320994482e+00
1.800700200000000041e+04,9.183188734180218304e+00
1.803778319999999803e+04,9.167371177388616843e+00
1.806856439999999930e+04,9.167060513175041336e+00
1.809934560000000056e+04,9.170966713760268618e+00
1.813012679999999818e+04,9.187231358330649300e+00
1.816090799999999945e+04,9.195108925294604774e+00
1.819168920000000071e+04,9.218823847077514344e+00
1.822247039999999834e+04,9.227672658499082914e+00
1.825325159999999960e+04,9.216394335354422651e+00
1.828403279999999722e+04,9.247408731260129855e+00
1.831481399999999849e+04,9.267049996817913637e+00
1.834559519999999975e+04,9.273124870556598509e+00
1.837637639999999737e+04,9.263806817854012721e+00
1.840715759999999864e+04,9.265355123602976306e+00
1.843793879999999990e+04,9.255196499527754028e+00
1.846871999999999753e+04,9.257298246294102029e+00
1.849950119999999879e+04,9.222977497761277732e+00
1.853028240000000005e+04,9.266275309663937421e+00
1.856106359999999768e+04,9.321995958322421671e+00
1.859184479999999894e+04,9.307741069159998659e+00
1.862262600000000020e+04,9.265148238069919273e+00
1.865340719999999783e+04,9.265105460405319349e+00
1.868418839999999909e+04,9.263637080208880548e+00
1.871496960000000036e+04,9.268038472646230375e+00
1.874575079999999798e+04,9.260676488816244500e+00
1.877653199999999924e+04,9.257243472364869774e+00
1.880731320000000051e+04,9.256628701437975337e+00
1.883809439999999813e+04,9.229117719886939852e+00
1.886887559999999939e+04,9.194094941934025655e+00
1.889965680000000066e+04,9.165591596791669460e+00
1.893043799999999828e+04,9.171723557034175300e+00
1.896121919999999955e+04,9.181754920120908992e+00
1.899200039999999717e+04,9.192478253284550149e+00
1.902278159999999843e+04,9.191153222188791716e+00
1.905356279999999970e+04,9.172935283596583389e+00
1.908434399999999732e+04,9.175521883424458736e+00
1.911512519999999859e+04,9.165326614987233000e+00
1.914590639999999985e+04,9.157075561805825714e+00
1.917668759999999747e+04,9.140675658018594163e+00
1.920746879999999874e+04,9.112639274553096413e+00
1.923825000000000000e+04,9.107695761019032332e+00
1.926903119999999763e+04,9.122283394376342613e+00
1.929981239999999889e+04,9.142395420874370515e+00
1.933059360000000015e+04,9.145179712548220152e+00
1.936137479999999778e+04,9.152615647228078188e+00
1.939215599999999904e+04,9.161931236423043856e+00
1.942293720000000030e+04,9.163613348843343331e+00
1.945371839999999793e+04,9.196982892203454441e+00
1.948449959999999919e+04,9.158933090541188093e+00
1.951528080000000045e+04,9.114436534834766235e+00
1.954606199999999808e+04,9.099507305292004133e+00
1.957684319999999934e+04,9.049711166486130054e+00
1.960762440000000061e+04,9.005019510597460197e+00
1.963840559999999823e+04,9.027815043761153291e+00
1.966918679999999949e+04,9.051215805382861745e+00
1.969996800000000076e+04,9.065226533452271696e+00
1.973074919999999838e+04,9.076903374385986822e+00
1.976153039999999964e+04,9.057155298199193183e+00
1.979231159999999727e+04,9.059080920419386729e+00
1.982309279999999853e+04,9.065092985114425517e+00
1.985387399999999980e+04,9.066904926585323210e+00
1.988465519999999742e+04,9.046575243689240153e+00
1.991543639999999868e+04,9.074786243162467514e+00
1.994621759999999995e+04,9.067298140183890354e+00
1.997699879999999757e+04,9.069596466935994528e+00
2.000777999999999884e+04,9.083860752338829059e+00
2.003856120000000010e+04,9.140488135461998453e+00
2.006934239999999772e+04,9.169942396879644519e+00
2.010012359999999899e+04,9.205937847694833920e+00
2.013090480000000025e+04,9.248752583066103483e+00
2.016168599999999788e+04,9.292520847051539690e+00
2.019246719999999914e+04,9.332186644650988683e+00
2.022324840000000040e+04,9.356579992941867374e+00
2.025402959999999803e+04,9.334355662595603675e+00
2.028481079999999929e+04,9.364195096806769314e+00
2.031559200000000055e+04,9.362420141669590024e+00
2.034637319999999818e+04,9.357046941940467377e+00
2.037715439999999944e+04,9.368705992011467032e+00
2.040793560000000070e+04,9.343423999236556199e+00
2.043871679999999833e+04,9.375698937625031704e+00
2.046949799999999959e+04,9.397865673481502924e+00
2.050027919999999722e+04,9.387103777684536965e+00
2.053106039999999848e+04,9.409864651965669680e+00
2.056184159999999974e+04,9.361370531892646341e+00
2.059262279999999737e+04,9.383175285081902572e+00
2.062340399999999863e+04,9.388190301656269554e+00
2.065418519999999990e+04,9.420034657735971706e+00
2.068496639999999752e+04,9.489642846620254701e+00
2.071574759999999878e+04,9.449560210964063955e+00
2.074652880000000005e+04,9.314546932923386535e+00
2.077730999999999767e+04,9.231444248347695947e+00
2.080809119999999893e+04,9.192530399634893712e+00
2.083887240000000020e+04,9.181247801940129349e+00
2.086965359999999782e+04,9.206344478039545365e+00
2.090043479999999909e+04,9.217315392507751781e+00
2.093121600000000035e+04,9.238606467416701662e+00
2.096199719999999797e+04,9.284550479327632999e+00
2.099277839999999924e+04,9.315628420279690403e+00
2.102355960000000050e+04,9.326529259206889577e+00
2.105434079999999813e+04,9.347801904073218537e+00
2.108512199999999939e+04,9.389793286227163804e+00
2.111590320000000065e+04,9.393665563620727355e+00
2.114668439999999828e+04,9.377098857656589459e+00
2.117746559999999954e+04,9.366861783664051089e+00
2.120824679999999717e+04,9.346227049159313793e+00
2.123902799999999843e+04,9.353590267617887477e+00
2.126980919999999969e+04,9.324730794562004377e+00
2.130059039999999732e+04,9.285023514327376049e+00
2.133137159999999858e+04,9.248001069970326782e+00
2.136215279999999984e+04,9.160110079884642431e+00
2.139293399999999747e+04,9.097952209773266574e+00
2.142371519999999873e+04,9.021915986673826993e+00
2.145449639999999999e+04,8.964399468390279679e+00
2.148527759999999762e+04,8.937322911605891207e+00
2.151605879999999888e+04,8.918050963095888406e+00
2.154684000000000015e+04,8.865492623630185420e+00
2.157762119999999777e+04,8.835860122008762474e+00
2.160840239999999903e+04,8.819113579694809246e+00
2.163918360000000030e+04,8.800784834374439924e+00
2.166996479999999792e+04,8.795038520762298972e+00
2.170074599999999919e+04,8.745517450173078799e+00
2.173152720000000045e+04,8.751920311233025274e+00
2.176230839999999807e+04,8.705330264794262973e+00
2.179308959999999934e+04,8.702461049823591921e+00
2.182387080000000060e+04,8.674186920144739688e+00
2.185465199999999822e+04,8.684678714265988475e+00
2.188543319999999949e+04,8.710573774099716005e+00
2.191621439999999711e+04,8.688005514505768190e+00
2.194699559999999838e+04,8.708638747609859010e+00
2.197777679999999964e+04,8.703265998379714929e+00
2.200855799999999726e+04,8.673534832679631990e+00
2.203933919999999853e+04,8.634017465625031917e+00
2.207012039999999979e+04,8.591889623561286271e+00
2.210090159999999742e+04,8.578182929902176568e+00
2.213168279999999868e+04,8.557266064366952918e+00
2.216246399999999994e+04,8.569978793015177843e+00
2.219324519999999757e+04,8.604126474949939762e+00
2.222402639999999883e+04,8.580217245636227119e+00
2.225480760000000009e+04,8.510566577988971204e+00
2.228558879999999772e+04,8.512165753053444917e+00
2.231636999999999898e+04,8.493412502417259091e+00
2.234715120000000024e+04,8.494778440742395631e+00
2.237793239999999787e+04,8.478018406026210485e+00
2.240871359999999913e+04,8.455198420261876180e+00
2.243949480000000040e+04,8.446951661086758989e+00
2.247027599999999802e+04,8.477365916164998794e+00
2.250105719999999928e+04,8.467801033371841868e+00
2.253183840000000055e+04,8.455051701957692956e+00
2.256261959999999817e+04,8.483117642372741685e+00
2.259340079999999944e+04,8.513706052318735118e+00
2.262418199999999706e+04,8.510013111583278445e+00
2.265496319999999832e+04,8.493658768809057236e+00
2.268574439999999959e+04,8.526115686948227079e+00
2.271652559999999721e+04,8.567745959426812163e+00
2.274730679999999847e+04,8.499826896630064965e+00
2.277808799999999974e+04,8.445542336492437130e+00
2.280886919999999736e+04,8.443081432460321167e+00
2.283965039999999863e+04,8.437049867952508109e+00
2.287043159999999989e+04,8.460101566464009792e+00
2.290121279999999751e+04,8.476890147209420689e+00
2.293199399999999878e+04,8.470410318567971331e+00
2.296277520000000004e+04,8.479339081169424475e+00
2.299355639999999767e+04,8.441916608853748727e+00
2.302433759999999893e+04,8.422006380943267700e+00
2.305511880000000019e+04,8.433433974364291430e+00
2.308589999999999782e+04,8.397521083680501874e+00
2.311668119999999908e+04,8.392909506004748721e+00
2.314746240000000034e+04,8.444180890867126976e+00
2.317824359999999797e+04,8.529634587621309549e+00
2.320902479999999923e+04,8.612691811696169708e+00
2.323980600000000049e+04,8.670464635166492684e+00
2.327058719999999812e+04,8.668879385645771762e+00
2.330136839999999938e+04,8.646153793431086143e+00
2.333214959999999701e+04,8.636183762549062948e+00
2.336293079999999827e+04,8.648417178480302780e+00
2.339371199999999953e+04,8.676055287585406006e+00
2.342449319999999716e+04,8.696815675318969596e+00
2.345527439999999842e+04,8.698539246991968454e+00
2.348605559999999969e+04,8.689763306810743160e+00
2.351683679999999731e+04,8.644397608848350956e+00
2.354761799999999857e+04,8.631031305909088402e+00
2.357839919999999984e+04,8.631192060780133346e+00
2.360918039999999746e+04,8.621449202373305809e+00
2.363996159999999873e+04,8.582771432939262368e+00
2.367074279999999999e+04,8.547227020389954077e+00
2.370152399999999761e+04,8.546035271311399839e+00
2.373230519999999888e+04,8.539261145264955388e+00
2.376308640000000014e+04,8.549783853507111786e+00
2.379386759999999776e+04,8.599034884376777654e+00
2.382464879999999903e+04,8.591003289241895047e+00
2.385543000000000029e+04,8.565895429461573229e+00
2.388621119999999792e+04,8.599162158880446327e+00
2.391699239999999918e+04,8.598985715870016477e+00
2.394777360000000044e+04,8.585800297867601572e+00
2.397855479999999807e+04,8.556663201552874298e+00
2.400933599999999933e+04,8.526590682876740601e+00
2.404011719999999696e+04,8.557099193514014601e+00
2.407089839999999822e+04,8.578975856878340522e+00
2.410167959999999948e+04,8.587774268043258274e+00
2.413246079999999711e+04,8.575388957771304277e+00
2.416324199999999837e+04,8.540093294944592017e+00
2.419402319999999963e+04,8.527165948947727614e+00
2.422480439999999726e+04,8.535661921046900247e+00
2.425558559999999852e+04,8.560355554489650132e+00
2.428636679999999978e+04,8.601003057692830467e+00
2.431714799999999741e+04,8.628729591443978109e+00
2.434792919999999867e+04,8.623952482949750475e+00
2.437871039999999994e+04,8.595151790732490582e+00
2.440949159999999756e+04,8.616397035989638908e+00
2.444027279999999882e+04,8.558092962160689154e+00
2.447105400000000009e+04,8.459843443009306796e+00
2.450183519999999771e+04,8.415401038056076644e+00
2.453261639999999898e+04,8.411408714563075151e+00
2.456339760000000024e+04,8.427573345530191773e+00
2.459417879999999786e+04,8.449079826585375486e+00
2.462495999999999913e+04,8.460473735673341267e+00
2.465574120000000039e+04,8.431329381162200320e+00
2.468652239999999802e+04,8.451007408145374100e+00
2.471730359999999928e+04,8.464291468236414318e+00
2.474808479999999690e+04,8.472743712847149666e+00
2.477886599999999817e+04,8.439697877477943422e+00
2.480964719999999943e+04,8.469280122767630203e+00
2.484042839999999705e+04,8.454040470203700863e+00
2.487120959999999832e+04,8.450234055729657356e+00
2.490199079999999958e+04,8.423442600189078533e+00
2.493277199999999721e+04,8.392262807315022499e+00
2.496355319999999847e+04,8.366437771362704723e+00
2.499433439999999973e+04,8.377507698837405314e+00
2.502511559999999736e+04,8.383837310991813396e+00
2.505589679999999862e+04,8.386769201285202868e+00
2.508667799999999988e+04,8.411596167752726672e+00
2.511745919999999751e+04,8.427447927293401975e+00
2.514824039999999877e+04,8.474062853161049347e+00
2.517902160000000003e+04,8.500254636581159318e+00
2.520980279999999766e+04,8.504135623524121002e+00
2.524058399999999892e+04,8.495381033339736376e+00
2.527136520000000019e+04,8.475429813840456461e+00
2.530214639999999781e+04,8.478282107161684067e+00
2.533292759999999907e+04,8.464480856655164587e+00
2.536370880000000034e+04,8.437314225072805485e+00
2.539448999999999796e+04,8.408955749688496795e+00
2.542527119999999923e+04,8.373172440740482614e+00
2.545605239999999685e+04,8.333285535719687331e+00
2.548683359999999811e+04,8.323710545352941637e+00
2.551761479999999938e+04,8.346416315667172015e+00
2.554839599999999700e+04,8.381771028548799407e+00
2.557917719999999827e+04,8.419259447142911412e+00
2.560995839999999953e+04,8.478383942563944231e+00
2.564073959999999715e+04,8.527117228811897931e+00
2.567152079999999842e+04,8.590598966584652274e+00
2.570230199999999968e+04,8.617058425069050287e+00
2.573308319999999730e+04,8.622023025380917360e+00
2.576386439999999857e+04,8.642575893576857737e+00
2.579464559999999983e+04,8.661072690273254437e+00
2.582542679999999746e+04,8.665987012226334940e+00
2.585620799999999872e+04,8.657626744540358743e+00
2.588698919999999998e+04,8.639991255893175293e+00
2.591777039999999761e+04,8.639777876025183545e+00
2.594855159999999887e+04,8.664373238016416678e+00
2.597933280000000013e+04,8.729307980092984920e+00
2.601011399999999776e+04,8.727070038148431408e+00
2.604089519999999902e+04,8.714570170052542863e+00
2.607167640000000029e+04,8.718679647403353883e+00
2.610245759999999791e+04,8.742863058608698168e+00
2.613323879999999917e+04,8.722816053057112384e+00
2.616401999999999680e+04,8.707207123784568736e+00
2.619480119999999806e+04,8.695267765658829973e+00
2.622558239999999932e+04,8.722991568019642372e+00
2.625636359999999695e+04,8.729983282547523871e+00
2.628714479999999821e+04,8.730790715501978383e+00
2.631792599999999948e+04,8.698121467227643677e+00
2.634870719999999710e+04,8.666799957676969868e+00
2.637948839999999836e+04,8.623194992879442466e+00
2.641026959999999963e+04,8.610577456327092705e+00
2.644105079999999725e+04,8.624809214169841809e+00
2.647183199999999852e+04,8.641057957799906930e+00
2.650261319999999978e+04,8.645238456257501980e+00
2.653339439999999740e+04,8.670725502745529667e+00
2.656417559999999867e+04,8.681083053897797441e+00
2.659495679999999993e+04,8.697539534625196467e+00
2.662573799999999756e+04,8.690610752594569277e+00
2.665651919999999882e+04,8.688353327867623932e+00
2.668730040000000008e+04,8.675293309593023139e+00
2.671808159999999771e+04,8.678725153761948974e+00
2.674886279999999897e+04,8.712501282498125832e+00
2.677964400000000023e+04,8.701207174267851840e+00
2.681042519999999786e+04,8.650631364190774164e+00
2.684120639999999912e+04,8.611057690248784979e+00
2.687198759999999675e+04,8.635996471735159830e+00
2.690276879999999801e+04,8.644825920352971593e+00
2.693354999999999927e+04,8.644507886877850211e+00
2.696433119999999690e+04,8.601953697420311684e+00
2.699511239999999816e+04,8.596770166774032162e+00
2.702589359999999942e+04,8.637876628485001262e+00
2.705667479999999705e+04,8.632590788371318880e+00
2.708745599999999831e+04,8.677983120638511849e+00
2.711823719999999958e+04,8.700540267870220390e+00
2.714901839999999720e+04,8.735362733040172856e+00
2.717979959999999846e+04,8.660482879767334552e+00
2.721058079999999973e+04,8.586772797516305289e+00
2.724136199999999735e+04,8.548359757457552277e+00
2.727214319999999861e+04,8.528147859830081501e+00
2.730292439999999988e+04,8.506904799626667568e+00
2.733370559999999750e+04,8.470251004695258601e+00
2.736448679999999877e+04,8.499289162233367279e+00
2.739526800000000003e+04,8.520094818658954239e+00
2.742604919999999765e+04,8.527770498279641842e+00
2.745683039999999892e+04,8.542267397456495104e+00
2.748761160000000018e+04,8.547723897439094998e+00
2.751839279999999781e+04,8.563886278836390531e+00
2.754917399999999907e+04,8.597111792193976143e+00
2.757995519999999669e+04,8.617815877710759409e+00
2.761073639999999796e+04,8.575877619018442033e+00
2.764151759999999922e+04,8.564871945658300234e+00
2.767229879999999685e+04,8.545564671922800670e+00
2.770307999999999811e+04,8.527745106799399011e+00
2.773386119999999937e+04,8.541516737083229671e+00
2.776464239999999700e+04,8.603964895432289595e+00
2.779542359999999826e+04,8.598673882405821089e+00
2.782620479999999952e+04,8.591380537070920198e+00
2.785698599999999715e+04,8.592535424647191888e+00
2.788776719999999841e+04,8.615448822215142854e+00
2.791854839999999967e+04,8.650028547855294292e+00
2.794932959999999730e+04,8.650630480693186186e+00
2.798011079999999856e+04,8.639578791142472625e+00
2.801089199999999983e+04,8.656909496671348236e+00
2.804167319999999745e+04,8.632313595496842851e+00
2.807245439999999871e+04,8.603021999855956281e+00
2.810323559999999998e+04,8.638275296894773803e+00
2.813401679999999760e+04,8.642119516561253434e+00
2.816479799999999886e+04,8.645546937247067021e+00
2.819557920000000013e+04,8.576548344042640437e+00
2.822636039999999775e+04,8.502371717777805316e+00
2.825714159999999902e+04,8.469661273415425740e+00
2.828792280000000028e+04,8.473128878331278813e+00
2.831870399999999790e+04,8.442678359321392989e+00
2.834948519999999917e+04,8.452276864383891919e+00
2.838026639999999679e+04,8.509584349368189748e+00
2.841104759999999806e+04,8.508372599941427694e+00
2.844182879999999932e+04,8.516305839293448088e+00
2.847260999999999694e+04,8.532893634040227937e+00
2.850339119999999821e+04,8.560729793770038398e+00
2.853417239999999947e+04,8.562595008648431261e+00
2.856495359999999710e+04,8.582573989036379913e+00
2.859573479999999836e+04,8.662261519116452035e+00
2.862651599999999962e+04,8.669405172826609274e+00
2.865729719999999725e+04,8.678887488113470994e+00
2.868807839999999851e+04,8.654055048868043443e+00
2.871885959999999977e+04,8.665340078522191902e+00
2.874964079999999740e+04,8.692335006839014611e+00
2.878042199999999866e+04,8.718153221310640077e+00
2.881120319999999992e+04,8.718133035199063130e+00
2.884198439999999755e+04,8.769752464475191189e+00
2.887276559999999881e+04,8.804902700226056922e+00
2.890354680000000008e+04,8.769934360954430019e+00
2.893432799999999770e+04,8.773322890955398634e+00
2.896510919999999896e+04,8.752471844950020952e+00
2.899589040000000023e+04,8.722155363673513406e+00
2.902667159999999785e+04,8.722134667540430542e+00
2.905745279999999912e+04,8.664764080997263918e+00
2.908823399999999674e+04,8.608657422943574389e+00
2.911901519999999800e+04,8.551088206629817279e+00
2.914979639999999927e+04,8.515374862210542517e+00
2.918057759999999689e+04,8.505442386575102987e+00
2.921135879999999815e+04,8.506035410176220779e+00
2.924213999999999942e+04,8.517849884070637145e+00
2.927292119999999704e+04,8.571422250655574615e+00
2.930370239999999831e+04,8.597371610831036293e+00
2.933448359999999957e+04,8.630980138772217813e+00
2.936526479999999719e+04,8.644087600437282859e+00
2.939604599999999846e+04,8.634979744437078608e+00
2.942682719999999972e+04,8.592336412381536448e+00
2.945760839999999735e+04,8.540922580333202063e+00
2.948838959999999861e+04,8.508715870795233727e+00
2.951917079999999987e+04,8.568429991488962116e+00
2.954995199999999750e+04,8.616875504807875785e+00
2.958073319999999876e+04,8.630779840633737265e+00
2.961151440000000002e+04,8.618962442001663504e+00
2.964229559999999765e+04,8.550150347597313072e+00
2.967307679999999891e+04,8.480923198425113441e+00
2.970385800000000017e+04,8.430445125461179856e+00
2.973463919999999780e+04,8.399617233116527970e+00
2.976542039999999906e+04,8.376282823585743387e+00
2.979620159999999669e+04,8.398048166091140132e+00
2.982698279999999795e+04,8.444037402403584025e+00
2.985776399999999921e+04,8.472401933032310595e+00
2.988854519999999684e+04,8.491429257384112361e+00
2.991932639999999810e+04,8.494732379998918503e+00
2.995010759999999937e+04,8.508808813629457291e+00
2.998088879999999699e+04,8.510585008248167327e+00
3.001166999999999825e+04,8.559529495154913903e+00
3.004245119999999952e+04,8.606772778041833050e+00
3.007323239999999714e+04,8.640414053853788801e+00
3.010401359999999841e+04,8.621652404340713005e+00
3.013479479999999967e+04,8.600706976428181605e+00
3.016557599999999729e+04,8.611389662124187439e+00
3.019635719999999856e+04,8.593105347349599299e+00
3.022713839999999982e+04,8.566381021540202312e+00
3.025791959999999744e+04,8.535973028056190515e+00
3.028870079999999871e+04,8.557978519196256073e+00
3.031948199999999997e+04,8.610128449599573131e+00
3.035026319999999760e+04,8.648443128226784182e+00
3.038104439999999886e+04,8.704764345178643836e+00
3.041182560000000012e+04,8.752913919956494482e+00
3.044260679999999775e+04,8.719260835161771084e+00
3.047338799999999901e+04,8.709563283470817652e+00
3.050416919999999664e+04,8.682353937284377210e+00
3.053495039999999790e+04,8.685957045467665338e+00
3.056573159999999916e+04,8.668831113747684114e+00
3.059651279999999679e+04,8.705419252777941708e+00
3.062729399999999805e+04,8.726925878232719924e+00
3.065807519999999931e+04,8.800251003866462085e+00
3.068885639999999694e+04,8.873300096195885445e+00
3.071963759999999820e+04,8.850811148666958061e+00
3.075041879999999946e+04,8.827326885043198956e+00
3.078119999999999709e+04,8.843935293893721905e+00
3.081198119999999835e+04,8.860262593214631721e+00
3.084276239999999962e+04,8.849639784421935218e+00
3.087354359999999724e+04,8.811335399192790518e+00
3.090432479999999850e+04,8.782446966522778453e+00
3.093510599999999977e+04,8.804636490220916656e+00
3.096588719999999739e+04,8.830506777199362389e+00
3.099666839999999866e+04,8.792489738894460061e+00
3.102744959999999992e+04,8.731107166573369938e+00
3.105823079999999754e+04,8.704629447567754141e+00
3.108901199999999881e+04,8.704321989500302337e+00
3.111979320000000007e+04,8.680506252107807796e+00
3.115057439999999769e+04,8.671507959480326377e+00
3.118135559999999896e+04,8.646437939262586525e+00
3.121213679999999658e+04,8.656290094217519382e+00
3.124291799999999785e+04,8.654782545690526518e+00
3.127369919999999911e+04,8.643123375072654824e+00
3.130448039999999673e+04,8.573848527762189420e+00
3.133526159999999800e+04,8.502970356105223004e+00
3.136604279999999926e+04,8.504649768773941076e+00
3.139682399999999689e+04,8.551268998052528048e+00
3.142760519999999815e+04,8.590414059261018309e+00
3.145838639999999941e+04,8.591918670988649254e+00
3.148916759999999704e+04,8.620993253652851962e+00
