0.000000000000000000e+00,2.448445290542695929e+01
3.078119999999999834e+01,2.445407950574260880e+01
6.156239999999999668e+01,2.443839262054777706e+01
9.234359999999999502e+01,2.458416499421769430e+01
1.231247999999999934e+02,2.471960442610180309e+01
1.539060000000000059e+02,2.470601980282957655e+01
1.846871999999999900e+02,2.480925162989755250e+01
2.154683999999999742e+02,2.483992438876043352e+01
2.462495999999999867e+02,2.478914546166736343e+01
2.770307999999999993e+02,2.476696256174814792e+01
3.078120000000000118e+02,2.463415925866933165e+01
3.385931999999999675e+02,2.464287421608849371e+01
3.693743999999999801e+02,2.462615258621631753e+01
4.001555999999999926e+02,2.464632623492055785e+01
4.309367999999999483e+02,2.467388894425542034e+01
4.617179999999999609e+02,2.494368063393131152e+01
4.924991999999999734e+02,2.504923660867172330e+01
5.232803999999999860e+02,2.512565347184076359e+01
5.540615999999999985e+02,2.498839450338552837e+01
5.848428000000000111e+02,2.495526012676029026e+01
6.156240000000000236e+02,2.506936286729195729e+01
6.464051999999999225e+02,2.513942788504348158e+01
6.771863999999999351e+02,2.519585733754114187e+01
7.079675999999999476e+02,2.525018705492548321e+01
7.387487999999999602e+02,2.514223252502098305e+01
7.695299999999999727e+02,2.520945843825744248e+01
8.003111999999999853e+02,2.512338312559364795e+01
8.310923999999999978e+02,2.480412547892153086e+01
8.618735999999998967e+02,2.466772120162044146e+01
8.926547999999999092e+02,2.487798185067007140e+01
9.234359999999999218e+02,2.489702743673767671e+01
9.542171999999999343e+02,2.493407770514782484e+01
9.849983999999999469e+02,2.480816974165911049e+01
1.015779599999999959e+03,2.486002671341868719e+01
1.046560799999999972e+03,2.485436410942687147e+01
1.077341999999999871e+03,2.473083772897620491e+01
1.108123199999999997e+03,2.465139576025721624e+01
1.138904399999999896e+03,2.474232184888795771e+01
1.169685600000000022e+03,2.469884567443210344e+01
1.200466799999999921e+03,2.474707773331235927e+01
1.231248000000000047e+03,2.469855589100636450e+01
1.262029199999999946e+03,2.473086924985631185e+01
1.292810399999999845e+03,2.476048991366561580e+01
1.323591599999999971e+03,2.485501514318896454e+01
1.354372799999999870e+03,2.484998745954723631e+01
1.385153999999999996e+03,2.480710855397450487e+01
1.415935199999999895e+03,2.470806851229415813e+01
1.446716400000000021e+03,2.453983909901307925e+01
1.477497599999999920e+03,2.436149556030537511e+01
1.508278799999999819e+03,2.427985344933389200e+01
1.539059999999999945e+03,2.434678088863683243e+01
1.569841199999999844e+03,2.421263271127696370e+01
1.600622399999999971e+03,2.418620570430192274e+01
1.631403599999999869e+03,2.415219778680760498e+01
1.662184799999999996e+03,2.411163721409223015e+01
1.692965999999999894e+03,2.409667107744077086e+01
1.723747199999999793e+03,2.405276423479463332e+01
1.754528399999999920e+03,2.416419008285297565e+01
1.785309599999999818e+03,2.437016271698312408e+01
1.816090799999999945e+03,2.459326673852156731e+01
1.846871999999999844e+03,2.472964301587800406e+01
1.877653199999999970e+03,2.466783056318101330e+01
1.908434399999999869e+03,2.460166988002108113e+01
1.939215599999999995e+03,2.462944010361611902e+01
1.969996799999999894e+03,2.454895589258375921e+01
2.000777999999999793e+03,2.466933095254402630e+01
2.031559199999999919e+03,2.486891293312723406e+01
2.062340400000000045e+03,2.481310409910377501e+01
2.093121599999999944e+03,2.487690927570771038e+01
2.123902799999999843e+03,2.479385804778763713e+01
2.154683999999999742e+03,2.483488704399862357e+01
2.185465200000000095e+03,2.487392400572354489e+01
2.216246399999999994e+03,2.478241748289113389e+01
2.247027599999999893e+03,2.458608712530929097e+01
2.277808799999999792e+03,2.437524899844670756e+01
2.308589999999999691e+03,2.428331664907228316e+01
2.339371200000000044e+03,2.425318760753859948e+01
2.370152399999999943e+03,2.418623753056580838e+01
2.400933599999999842e+03,2.426441282764833574e+01
2.431714799999999741e+03,2.428533936381083080e+01
2.462496000000000095e+03,2.424720780118316199e+01
2.493277199999999993e+03,2.435296448133774661e+01
2.524058399999999892e+03,2.431952458429920583e+01
2.554839599999999791e+03,2.406370179941706766e+01
2.585620799999999690e+03,2.401099488474407906e+01
2.616402000000000044e+03,2.392792525857098340e+01
2.647183199999999943e+03,2.392538375438621046e+01
2.677964399999999841e+03,2.391106747635449992e+01
2.708745599999999740e+03,2.389963954177193273e+01
2.739526799999999639e+03,2.391517453158502349e+01
2.770307999999999993e+03,2.391193472000538023e+01
2.801089199999999892e+03,2.400896532714720522e+01
2.831870399999999790e+03,2.395728132599024818e+01
2.862651599999999689e+03,2.384541850934900609e+01
2.893432800000000043e+03,2.386810929498440714e+01
2.924213999999999942e+03,2.375826775749693454e+01
2.954995199999999841e+03,2.367633052991047649e+01
2.985776399999999740e+03,2.369775403820855786e+01
3.016557599999999638e+03,2.365206291437016972e+01
3.047338799999999992e+03,2.361463327181725447e+01
3.078119999999999891e+03,2.361108917932037699e+01
3.108901199999999790e+03,2.375482815966214645e+01
3.139682399999999689e+03,2.388222442302863158e+01
3.170463600000000042e+03,2.406771842020086538e+01
3.201244799999999941e+03,2.414277589781531219e+01
3.232025999999999840e+03,2.403166263217966403e+01
3.262807199999999739e+03,2.389894950899216042e+01
3.293588399999999638e+03,2.389884697203149955e+01
3.324369599999999991e+03,2.399978924645137113e+01
3.355150799999999890e+03,2.405851137623424307e+01
3.385931999999999789e+03,2.401111029730918034e+01
3.416713199999999688e+03,2.394300037524797986e+01
3.447494399999999587e+03,2.395607286235301103e+01
3.478275599999999940e+03,2.393689368317271260e+01
3.509056799999999839e+03,2.399296027333934589e+01
3.539837999999999738e+03,2.392960555583037774e+01
3.570619199999999637e+03,2.393289542436783890e+01
3.601400399999999991e+03,2.392463082924477291e+01
3.632181599999999889e+03,2.405155413527489117e+01
3.662962799999999788e+03,2.406625411004593218e+01
3.693743999999999687e+03,2.407315397594612705e+01
3.724525199999999586e+03,2.407612774732375982e+01
3.755306399999999940e+03,2.413439325581695272e+01
3.786087599999999838e+03,2.435323979162307495e+01
3.816868799999999737e+03,2.454598075112210509e+01
3.847649999999999636e+03,2.464445250835842671e+01
3.878431199999999990e+03,2.478488869579514642e+01
3.909212399999999889e+03,2.499836804464961304e+01
3.939993599999999788e+03,2.522700495531377740e+01
3.970774799999999686e+03,2.556112986572571089e+01
4.001555999999999585e+03,2.567210710230947157e+01
4.032337199999999939e+03,2.570661070176575791e+01
4.063118399999999838e+03,2.572328438061868994e+01
4.093899599999999737e+03,2.572732613445757011e+01
4.124680800000000090e+03,2.593609724292263508e+01
4.155461999999999534e+03,2.588636890740555074e+01
4.186243199999999888e+03,2.589586125370840364e+01
4.217024399999999332e+03,2.580802310771907671e+01
4.247805599999999686e+03,2.590307723448362864e+01
4.278586800000000039e+03,2.613719161200407015e+01
4.309367999999999483e+03,2.625843661322156919e+01
4.340149199999999837e+03,2.571832515191457347e+01
4.370930400000000191e+03,2.538120926945961031e+01
4.401711599999999635e+03,2.527157326205053067e+01
4.432492799999999988e+03,2.523257477444322561e+01
4.463273999999999432e+03,2.505571627479995556e+01
4.494055199999999786e+03,2.503587720823338358e+01
4.524836400000000140e+03,2.504930013004458900e+01
4.555617599999999584e+03,2.488987259954253872e+01
4.586398799999999937e+03,2.486307619980822636e+01
4.617179999999999382e+03,2.505549998640639586e+01
4.647961199999999735e+03,2.505369806529250809e+01
4.678742400000000089e+03,2.475284323962023691e+01
4.709523599999999533e+03,2.470554893316758438e+01
4.740304799999999886e+03,2.451074896776293244e+01
4.771085999999999331e+03,2.443175546417503696e+01
4.801867199999999684e+03,2.457861637612289840e+01
4.832648400000000038e+03,2.478496579598689564e+01
4.863429599999999482e+03,2.483748265808033295e+01
4.894210799999999836e+03,2.482585065188148477e+01
4.924992000000000189e+03,2.499373495930588263e+01
4.955773199999999633e+03,2.489253222916013186e+01
4.986554399999999987e+03,2.473036808173693757e+01
5.017335599999999431e+03,2.456376039580487713e+01
5.048116799999999785e+03,2.450480076040339128e+01
5.078898000000000138e+03,2.436902527080836478e+01
5.109679199999999582e+03,2.428392627627393452e+01
5.140460399999999936e+03,2.449873951732828203e+01
5.171241599999999380e+03,2.459464470776991973e+01
5.202022799999999734e+03,2.464339959606567021e+01
5.232804000000000087e+03,2.475093856606643072e+01
5.263585199999999531e+03,2.484413313728013506e+01
5.294366399999999885e+03,2.485216728595990432e+01
5.325147599999999329e+03,2.465427909349614310e+01
5.355928799999999683e+03,2.455428702278684128e+01
5.386710000000000036e+03,2.440898429257630653e+01
5.417491199999999480e+03,2.424869041145342408e+01
5.448272399999999834e+03,2.434367448407491707e+01
5.479053599999999278e+03,2.428719345713230027e+01
5.509834799999999632e+03,2.417536283427830313e+01
5.540615999999999985e+03,2.428018815838382594e+01
5.571397199999999430e+03,2.437496789523737561e+01
5.602178399999999783e+03,2.421801169998133219e+01
5.632959600000000137e+03,2.415318819354029856e+01
5.663740799999999581e+03,2.423904993692761778e+01
5.694521999999999935e+03,2.429391569374114823e+01
5.725303199999999379e+03,2.443069716830202509e+01
5.756084399999999732e+03,2.451949241900005916e+01
5.786865600000000086e+03,2.444525176049222637e+01
5.817646799999999530e+03,2.436764333471816713e+01
5.848427999999999884e+03,2.441602803455270276e+01
5.879209199999999328e+03,2.445524760136841991e+01
5.909990399999999681e+03,2.435446771960083723e+01
5.940771600000000035e+03,2.442910216076946384e+01
5.971552799999999479e+03,2.435556515999793348e+01
6.002333999999999833e+03,2.452747486104964025e+01
6.033115199999999277e+03,2.462467071014681252e+01
6.063896399999999630e+03,2.445629633976475859e+01
6.094677599999999984e+03,2.434950509647925543e+01
6.125458799999999428e+03,2.406167884337474661e+01
6.156239999999999782e+03,2.381263362095064551e+01
6.187021199999999226e+03,2.365357005136529978e+01
6.217802399999999579e+03,2.371258546265764977e+01
6.248583599999999933e+03,2.378749981275822023e+01
6.279364799999999377e+03,2.384682518737297130e+01
6.310145999999999731e+03,2.366381876728132028e+01
6.340927200000000084e+03,2.343056475134624250e+01
6.371708399999999529e+03,2.347109671946991938e+01
6.402489599999999882e+03,2.363179470090173950e+01
6.433270799999999326e+03,2.363225492165044628e+01
6.464051999999999680e+03,2.369365211590863041e+01
6.494833200000000033e+03,2.365094360475523771e+01
6.525614399999999478e+03,2.363308845547981463e+01
6.556395599999999831e+03,2.366827289569370052e+01
6.587176799999999275e+03,2.372475103355881387e+01
6.617957999999999629e+03,2.393371193234213834e+01
6.648739199999999983e+03,2.390280120584841583e+01
6.679520399999999427e+03,2.383906875340418097e+01
6.710301599999999780e+03,2.376428541983396769e+01
6.741082799999999224e+03,2.379803334600972065e+01
6.771863999999999578e+03,2.369320288984370393e+01
6.802645199999999932e+03,2.358099034522050985e+01
6.833426399999999376e+03,2.340771557341332709e+01
6.864207599999999729e+03,2.338787205742118047e+01
6.894988799999999173e+03,2.346840690922743633e+01
6.925769999999999527e+03,2.337281000710627765e+01
6.956551199999999881e+03,2.321601661096339697e+01
6.987332399999999325e+03,2.308350833889897658e+01
7.018113599999999678e+03,2.307479752645309290e+01
7.048894800000000032e+03,2.291917555173720089e+01
7.079675999999999476e+03,2.276471420391761669e+01
7.110457199999999830e+03,2.266404309971627384e+01
7.141238399999999274e+03,2.266929025762640748e+01
7.172019599999999627e+03,2.257332491576210742e+01
7.202800799999999981e+03,2.260752209650262401e+01
7.233581999999999425e+03,2.273085949645618342e+01
7.264363199999999779e+03,2.283114853220752849e+01
7.295144399999999223e+03,2.283540199283152106e+01
7.325925599999999577e+03,2.279096235691311279e+01
7.356706799999999930e+03,2.286123049101624005e+01
7.387487999999999374e+03,2.288642445843378681e+01
7.418269199999999728e+03,2.284162645365495692e+01
7.449050399999999172e+03,2.277292005538213715e+01
7.479831599999999526e+03,2.290603628996989372e+01
7.510612799999999879e+03,2.311987766863002847e+01
7.541393999999999323e+03,2.317123547905333680e+01
7.572175199999999677e+03,2.340377242260819557e+01
7.602956400000000031e+03,2.349121114642695929e+01
7.633737599999999475e+03,2.349282766205367423e+01
7.664518799999999828e+03,2.353912796677712294e+01
7.695299999999999272e+03,2.364346263317833063e+01
7.726081199999999626e+03,2.372464810799907653e+01
7.756862399999999980e+03,2.369299240367682913e+01
7.787643599999999424e+03,2.386771698923669405e+01
7.818424799999999777e+03,2.407130057766210030e+01
7.849205999999999221e+03,2.422598942919137599e+01
7.879987199999999575e+03,2.409959314380694551e+01
7.910768399999999929e+03,2.408450360581035454e+01
7.941549599999999373e+03,2.406382689536799191e+01
7.972330799999999726e+03,2.418725801774829165e+01
8.003111999999999171e+03,2.423253089276757422e+01
8.033893199999999524e+03,2.421640475234789136e+01
8.064674399999999878e+03,2.431417157474040636e+01
8.095455599999999322e+03,2.456037838914649285e+01
8.126236799999999675e+03,2.461791286802610657e+01
8.157017999999999120e+03,2.458233801032959320e+01
8.187799199999999473e+03,2.489005523645466766e+01
8.218580399999998917e+03,2.495559668827575805e+01
8.249361600000000180e+03,2.508204318536142807e+01
8.280142799999999625e+03,2.522831769618884934e+01
8.310923999999999069e+03,2.519205668327225567e+01
8.341705200000000332e+03,2.520015380734876587e+01
8.372486399999999776e+03,2.516571596703785829e+01
8.403267599999999220e+03,2.493824562742299378e+01
8.434048799999998664e+03,2.455949681878978907e+01
8.464829999999999927e+03,2.435233583403048030e+01
8.495611199999999371e+03,2.416650501286835961e+01
8.526392399999998815e+03,2.401895907750970593e+01
8.557173600000000079e+03,2.390788885585553913e+01
8.587954799999999523e+03,2.366749486517478829e+01
8.618735999999998967e+03,2.345149960017354118e+01
8.649517200000000230e+03,2.322268777370693371e+01
8.680298399999999674e+03,2.320712789007271226e+01
8.711079599999999118e+03,2.324886829794019150e+01
8.741860800000000381e+03,2.306441041151294158e+01
8.772641999999999825e+03,2.305732977156516128e+01
8.803423199999999269e+03,2.296195109327657846e+01
8.834204399999998714e+03,2.299086825812083035e+01
8.864985599999999977e+03,2.298840749854623056e+01
8.895766799999999421e+03,2.306782067901917088e+01
8.926547999999998865e+03,2.301189718362928005e+01
8.957329200000000128e+03,2.308444998289094485e+01
8.988110399999999572e+03,2.323491831236943383e+01
9.018891599999999016e+03,2.323432621425500955e+01
9.049672800000000279e+03,2.322223563011560188e+01
9.080453999999999724e+03,2.315787149531749733e+01
9.111235199999999168e+03,2.313093528622732720e+01
9.142016399999998612e+03,2.303898156360556726e+01
9.172797599999999875e+03,2.312230714637496831e+01
9.203578799999999319e+03,2.303353502163621513e+01
9.234359999999998763e+03,2.325403120876636365e+01
9.265141200000000026e+03,2.332852021048562818e+01
9.295922399999999470e+03,2.334256504266258858e+01
9.326703599999998914e+03,2.349709598118575826e+01
9.357484800000000178e+03,2.327965032960822356e+01
9.388265999999999622e+03,2.321148347831595515e+01
9.419047199999999066e+03,2.314402726336534144e+01
9.449828400000000329e+03,2.311036915488814003e+01
9.480609599999999773e+03,2.305264307749576247e+01
9.511390799999999217e+03,2.301655988407955178e+01
9.542171999999998661e+03,2.309447276885504508e+01
9.572953199999999924e+03,2.312016991250642306e+01
9.603734399999999368e+03,2.330649912024872350e+01
9.634515599999998813e+03,2.350949485551286600e+01
9.665296800000000076e+03,2.316058963846549190e+01
9.696077999999999520e+03,2.294978961113942262e+01
9.726859199999998964e+03,2.287295141793845943e+01
9.757640400000000227e+03,2.305268723996675817e+01
9.788421599999999671e+03,2.330740386716072265e+01
9.819202799999999115e+03,2.323609961794319290e+01
9.849984000000000378e+03,2.329658033818760288e+01
9.880765199999999822e+03,2.348645096879905481e+01
9.911546399999999267e+03,2.371912319117588552e+01
9.942327599999998711e+03,2.412192479709135284e+01
9.973108799999999974e+03,2.418472842275565426e+01
1.000388999999999942e+04,2.413332294233472197e+01
1.003467119999999886e+04,2.416205834315395506e+01
1.006545240000000013e+04,2.398466864920805364e+01
1.009623359999999957e+04,2.394353488663205098e+01
1.012701479999999901e+04,2.396560336383885570e+01
1.015779600000000028e+04,2.397493500799701138e+01
1.018857719999999972e+04,2.408093257792051389e+01
1.021935839999999916e+04,2.418567001517525483e+01
1.025013959999999861e+04,2.432462000595315388e+01
1.028092079999999987e+04,2.422935515796775974e+01
1.031170199999999932e+04,2.435933561915234336e+01
1.034248319999999876e+04,2.433778675786161827e+01
1.037326440000000002e+04,2.423629640358445769e+01
1.040404559999999947e+04,2.402986967235931104e+01
1.043482679999999891e+04,2.386463005334746867e+01
1.046560800000000017e+04,2.356215968620169576e+01
1.049638919999999962e+04,2.351063638457038962e+01
1.052717039999999906e+04,2.348986734901616913e+01
1.055795160000000033e+04,2.369193055955081562e+01
1.058873279999999977e+04,2.353869381684536677e+01
1.061951399999999921e+04,2.330862950007753653e+01
1.065029519999999866e+04,2.336254981924041374e+01
1.068107639999999992e+04,2.338271743875546704e+01
1.071185759999999937e+04,2.343833662093421211e+01
1.074263879999999881e+04,2.336702932589910375e+01
1.077342000000000007e+04,2.331754896099115371e+01
1.080420119999999952e+04,2.321623849209681367e+01
1.083498239999999896e+04,2.310246441109362792e+01
1.086576360000000022e+04,2.308521421391847639e+01
1.089654479999999967e+04,2.311289480783286621e+01
1.092732599999999911e+04,2.310056242032607798e+01
1.095810719999999856e+04,2.285710588296455015e+01
1.098888839999999982e+04,2.260140234691760597e+01
1.101966959999999926e+04,2.267655813812373466e+01
1.105045079999999871e+04,2.267124048056189878e+01
1.108123199999999997e+04,2.268802240818002147e+01
1.111201319999999942e+04,2.256621736091089758e+01
1.114279439999999886e+04,2.261458312018131878e+01
1.117357560000000012e+04,2.274300016578435191e+01
1.120435679999999957e+04,2.261237579636832606e+01
1.123513799999999901e+04,2.252263933936260898e+01
1.126591920000000027e+04,2.248092305455367779e+01
1.129670039999999972e+04,2.241039792407589104e+01
1.132748159999999916e+04,2.241732375517443998e+01
1.135826279999999861e+04,2.243569840229812584e+01
1.138904399999999987e+04,2.239203017391629302e+01
1.141982519999999931e+04,2.226055097073935229e+01
1.145060639999999876e+04,2.199980120881281564e+01
1.148138760000000002e+04,2.196407687067410208e+01
1.151216879999999946e+04,2.193122915539813889e+01
1.154294999999999891e+04,2.174339848074924575e+01
1.157373120000000017e+04,2.162515389807900235e+01
1.160451239999999962e+04,2.170572675301782084e+01
1.163529359999999906e+04,2.171980740472592686e+01
1.166607479999999850e+04,2.166626845151394321e+01
1.169685599999999977e+04,2.150764029948825495e+01
1.172763719999999921e+04,2.134486507545450351e+01
1.175841839999999866e+04,2.129712794232533568e+01
1.178919959999999992e+04,2.120427481637184641e+01
1.181998079999999936e+04,2.129352640886515857e+01
1.185076199999999881e+04,2.127137571979477570e+01
1.188154320000000007e+04,2.119804164633567467e+01
1.191232439999999951e+04,2.114134660966137957e+01
1.194310559999999896e+04,2.113723960756815856e+01
1.197388680000000022e+04,2.116165404082035906e+01
1.200466799999999967e+04,2.128887337351156006e+01
1.203544919999999911e+04,2.126641755816876156e+01
1.206623039999999855e+04,2.129992602525760503e+01
1.209701159999999982e+04,2.150431730674328890e+01
1.212779279999999926e+04,2.159908591574748726e+01
1.215857399999999870e+04,2.169950728183708222e+01
1.218935519999999997e+04,2.158643277773754576e+01
1.222013639999999941e+04,2.151295239398792702e+01
1.225091759999999886e+04,2.161140722379710866e+01
1.228169880000000012e+04,2.152835081617495661e+01
1.231247999999999956e+04,2.172571221853696244e+01
1.234326119999999901e+04,2.175834521148162182e+01
1.237404239999999845e+04,2.186410142699105208e+01
1.240482359999999971e+04,2.192604627513561155e+01
1.243560479999999916e+04,2.202186774426835214e+01
1.246638599999999860e+04,2.206367959583630523e+01
1.249716719999999987e+04,2.209500750001877023e+01
1.252794839999999931e+04,2.205383534240768029e+01
1.255872959999999875e+04,2.193165046603601098e+01
1.258951080000000002e+04,2.181700277907800611e+01
1.262029199999999946e+04,2.197244694694345313e+01
1.265107319999999891e+04,2.182631237668890734e+01
1.268185440000000017e+04,2.170696786644542087e+01
1.271263559999999961e+04,2.158612035009577923e+01
1.274341679999999906e+04,2.160878312926179134e+01
1.277419799999999850e+04,2.190354377918613693e+01
1.280497919999999976e+04,2.214009421062744565e+01
1.283576039999999921e+04,2.235332908563668752e+01
1.286654159999999865e+04,2.220427258879438526e+01
1.289732279999999992e+04,2.207094620905071025e+01
1.292810399999999936e+04,2.198586468885338263e+01
1.295888519999999880e+04,2.193669695691309940e+01
1.298966640000000007e+04,2.195398113094824311e+01
1.302044759999999951e+04,2.173961945287663866e+01
1.305122879999999896e+04,2.166610797627691554e+01
1.308200999999999840e+04,2.168895350429016489e+01
1.311279119999999966e+04,2.168447571509793192e+01
1.314357239999999911e+04,2.181965542902347366e+01
1.317435359999999855e+04,2.177653450122066658e+01
1.320513479999999981e+04,2.177961429034849061e+01
1.323591599999999926e+04,2.192251362701323814e+01
1.326669719999999870e+04,2.223684553361445282e+01
1.329747839999999997e+04,2.231901711280459466e+01
1.332825959999999941e+04,2.224574858816923495e+01
1.335904079999999885e+04,2.205942433222594801e+01
1.338982200000000012e+04,2.187955506907814396e+01
1.342060319999999956e+04,2.178997303588240797e+01
1.345138439999999900e+04,2.175750077357316314e+01
1.348216559999999845e+04,2.185357364069489705e+01
1.351294679999999971e+04,2.199398692971235292e+01
1.354372799999999916e+04,2.201595854720645207e+01
1.357450919999999860e+04,2.204323524119975630e+01
1.360529039999999986e+04,2.212857239008480548e+01
1.363607159999999931e+04,2.199805963262289055e+01
1.366685279999999875e+04,2.188369047842509119e+01
1.369763400000000001e+04,2.192337694159629180e+01
1.372841519999999946e+04,2.194551799834501793e+01
1.375919639999999890e+04,2.197630917149836804e+01
1.378997759999999835e+04,2.192490584121005881e+01
1.382075879999999961e+04,2.201200653203682478e+01
1.385153999999999905e+04,2.196404691788147545e+01
1.388232119999999850e+04,2.193693428259351208e+01
1.391310239999999976e+04,2.186380242922838590e+01
1.394388359999999921e+04,2.183132786707087902e+01
1.397466479999999865e+04,2.180230387219816990e+01
1.400544599999999991e+04,2.174913737602854624e+01
1.403622719999999936e+04,2.178706078432895765e+01
1.406700839999999880e+04,2.152081246589932206e+01
1.409778960000000006e+04,2.136541425236748637e+01
1.412857079999999951e+04,2.128861965791432809e+01
1.415935199999999895e+04,2.127004633682158641e+01
1.419013319999999840e+04,2.136948600939603793e+01
1.422091439999999966e+04,2.140701389950799438e+01
1.425169559999999910e+04,2.144462213192965550e+01
1.428247679999999855e+04,2.137472603877754551e+01
1.431325799999999981e+04,2.148901378706364085e+01
1.434403919999999925e+04,2.156698751077816922e+01
1.437482039999999870e+04,2.168546295768970111e+01
1.440560159999999996e+04,2.172247249707630701e+01
1.443638279999999941e+04,2.159007264307620488e+01
1.446716399999999885e+04,2.165821574444112585e+01
1.449794520000000011e+04,2.172683662448360664e+01
1.452872639999999956e+04,2.171766778952002497e+01
1.455950759999999900e+04,2.174481734165148339e+01
1.459028879999999845e+04,2.174536727818398063e+01
1.462106999999999971e+04,2.170786221493708013e+01
1.465185119999999915e+04,2.172196270078865155e+01
1.468263239999999860e+04,2.164295411898780230e+01
1.471341359999999986e+04,2.155415647857445549e+01
1.474419479999999930e+04,2.158615135926011064e+01
1.477497599999999875e+04,2.151082324028319093e+01
1.480575720000000001e+04,2.155079461042144828e+01
1.483653839999999946e+04,2.160043606905560765e+01
1.486731959999999890e+04,2.162886320093321046e+01
1.489810079999999834e+04,2.161801865612406104e+01
1.492888199999999961e+04,2.167035598045990241e+01
1.495966319999999905e+04,2.151766345424544724e+01
1.499044439999999850e+04,2.152679298586008727e+01
1.502122559999999976e+04,2.147926159869598806e+01
1.505200679999999920e+04,2.159874928000298766e+01
1.508278799999999865e+04,2.156903812540146959e+01
1.511356919999999991e+04,2.157992096944974492e+01
1.514435039999999935e+04,2.154603853420613291e+01
1.517513159999999880e+04,2.163257196376919822e+01
1.520591280000000006e+04,2.165589258632315861e+01
1.523669399999999951e+04,2.166263928355724033e+01
1.526747519999999895e+04,2.156069379620554116e+01
1.529825639999999839e+04,2.142754355728891369e+01
1.532903759999999966e+04,2.123045332718624678e+01
1.535981879999999910e+04,2.118822489203148152e+01
1.539059999999999854e+04,2.139185709409954583e+01
1.542138119999999981e+04,2.155936374719639659e+01
1.545216239999999925e+04,2.168682158333918508e+01
1.548294359999999870e+04,2.169546314547588395e+01
1.551372479999999996e+04,2.182586642564234580e+01
1.554450599999999940e+04,2.203704478266491407e+01
1.557528719999999885e+04,2.213409930518124469e+01
1.560606839999999829e+04,2.220838602675546269e+01
1.563684959999999955e+04,2.223164574858186882e+01
1.566763079999999900e+04,2.228159539330085792e+01
1.569841199999999844e+04,2.213404072749257523e+01
1.572919319999999971e+04,2.228066101468539273e+01
1.575997439999999915e+04,2.231433427892673294e+01
1.579075559999999859e+04,2.231791875915951806e+01
1.582153679999999986e+04,2.245465869871294728e+01
1.585231799999999930e+04,2.231931635254366952e+01
1.588309919999999875e+04,2.206365387970763692e+01
1.591388040000000001e+04,2.217659331285692659e+01
1.594466159999999945e+04,2.198964622016660897e+01
1.597544279999999890e+04,2.192544944792053485e+01
1.600622399999999834e+04,2.187838606008315168e+01
1.603700519999999960e+04,2.207339229578199280e+01
1.606778639999999905e+04,2.200502578386578278e+01
1.609856759999999849e+04,2.218349241933877636e+01
1.612934879999999976e+04,2.235266597832447744e+01
1.616012999999999920e+04,2.239845738662357277e+01
1.619091119999999864e+04,2.238329822337566810e+01
1.622169239999999991e+04,2.250924808595461002e+01
1.625247359999999935e+04,2.232600473978724054e+01
1.628325479999999880e+04,2.209056357619546773e+01
1.631403599999999824e+04,2.223909903254475751e+01
1.634481719999999950e+04,2.236591501427251316e+01
1.637559839999999895e+04,2.230422058217874337e+01
1.640637960000000021e+04,2.242184060237747545e+01
1.643716079999999783e+04,2.250614426768110476e+01
1.646794199999999910e+04,2.255782679807757418e+01
1.649872320000000036e+04,2.247580595371527679e+01
1.652950439999999799e+04,2.223366212677205311e+01
1.656028559999999925e+04,2.192556241687849550e+01
1.659106680000000051e+04,2.186133290167377652e+01
1.662184799999999814e+04,2.210315578357693767e+01
1.665262919999999940e+04,2.226200244928840988e+01
1.668341040000000066e+04,2.236651876351445623e+01
1.671419159999999829e+04,2.245418004872665207e+01
1.674497279999999955e+04,2.257720609535249068e+01
1.677575400000000081e+04,2.267208625298341929e+01
1.680653519999999844e+04,2.279817977774753501e+01
1.683731639999999970e+04,2.263571232636092390e+01
1.686809759999999733e+04,2.202729226389053352e+01
1.689887879999999859e+04,2.170232760540310224e+01
1.692965999999999985e+04,2.172732399617338928e+01
1.696044119999999748e+04,2.166597070013126825e+01
1.699122239999999874e+04,2.169306801281807395e+01
1.702200360000000001e+04,2.161438816046069888e+01
1.705278479999999763e+04,2.171634372308133365e+01
1.708356599999999889e+04,2.192201818641958511e+01
1.711434720000000016e+04,2.195746799591578124e+01
1.714512839999999778e+04,2.181970879639492011e+01
1.717590959999999905e+04,2.173186047564463408e+01
1.720669080000000031e+04,2.162306700577268614e+01
1.723747199999999793e+04,2.160072178698962375e+01
1.726825319999999920e+04,2.142066641635309310e+01
1.729903440000000046e+04,2.136667444801826221e+01
1.732981559999999808e+04,2.119867170439989223e+01
1.736059679999999935e+04,2.121554608662271235e+01
1.739137800000000061e+04,2.135556537502814933e+01
1.742215919999999824e+04,2.149823158438426773e+01
1.745294039999999950e+04,2.159799550198453488e+01
1.748372160000000076e+04,2.189909537742316914e+01
1.751450279999999839e+04,2.196521332627656165e+01
1.754528399999999965e+04,2.207150967925582918e+01
1.757606519999999728e+04,2.224285195551917482e+01
1.760684639999999854e+04,2.237874247860855448e+01
1.763762759999999980e+04,2.254239341666876939e+01
1.766840879999999743e+04,2.246106853170076789e+01
1.769918999999999869e+04,2.237658262497740225e+01
1.772997119999999995e+04,2.237875600957351097e+01
1.776075239999999758e+04,2.236161087537667669e+01
1.779153359999999884e+04,2.229056465051853309e+01
1.782231480000000010e+04,2.225409439350637797e+01
1.785309599999999773e+04,2.222184645001432912e+01
1.788387719999999899e+04,2.207234063747771913e+01
1.791465840000000026e+04,2.211716488364725208e+01
1.794543959999999788e+04,2.200777740263385596e+01
1.797622079999999914e+04,2.174793712522946976e+01
1.800700200000000041e+04,2.164215424114113162e+01
1.803778319999999803e+04,2.158166400235531057e+01
1.806856439999999930e+04,2.157989901155281487e+01
1.809934560000000056e+04,2.159798812498856790e+01
1.813012679999999818e+04,2.165795790770429008e+01
1.816090799999999945e+04,2.170095635839500403e+01
1.819168920000000071e+04,2.180265299361960984e+01
1.822247039999999834e+04,2.181891815160281567e+01
1.825325159999999960e+04,2.177085799548721923e+01
1.828403279999999722e+04,2.189943951015396095e+01
1.831481399999999849e+04,2.198116279574352205e+01
1.834559519999999975e+04,2.200529091533953974e+01
1.837637639999999737e+04,2.195302947840525576e+01
1.840715759999999864e+04,2.194353139396915253e+01
1.843793879999999990e+04,2.188027995310236662e+01
1.846871999999999753e+04,2.186734349964340396e+01
1.849950119999999879e+04,2.170408072835693858e+01
1.853028240000000005e+04,2.184862810074006845e+01
1.856106359999999768e+04,2.205554136987172242e+01
1.859184479999999894e+04,2.197989016922495509e+01
1.862262600000000020e+04,2.180744085291436463e+01
1.865340719999999783e+04,2.181265618847151444e+01
1.868418839999999909e+04,2.181834797750033417e+01
1.871496960000000036e+04,2.183255842666870450e+01
1.874575079999999798e+04,2.180831311215129631e+01
1.877653199999999924e+04,2.179360959772501261e+01
1.880731320000000051e+04,2.181150603439753155e+01
1.883809439999999813e+04,2.170771348570938031e+01
1.886887559999999939e+04,2.155630479661199672e+01
1.889965680000000066e+04,2.143681372098798121e+01
1.893043799999999828e+04,2.144963851623938567e+01
1.896121919999999955e+04,2.147401821654002063e+01
1.899200039999999717e+04,2.150553292968438868e+01
1.902278159999999843e+04,2.150454363118080536e+01
1.905356279999999970e+04,2.145016966519288815e+01
1.908434399999999732e+04,2.148590385642200573e+01
1.911512519999999859e+04,2.144601632110945033e+01
1.914590639999999985e+04,2.141817772090715977e+01
1.917668759999999747e+04,2.136781744928882887e+01
1.920746879999999874e+04,2.126380938230218831e+01
1.923825000000000000e+04,2.125212242504180082e+01
1.926903119999999763e+04,2.131997269972667652e+01
1.929981239999999889e+04,2.141394268402375545e+01
1.933059360000000015e+04,2.141195161645532608e+01
1.936137479999999778e+04,2.143080651294862449e+01
1.939215599999999904e+04,2.146457931421607768e+01
1.942293720000000030e+04,2.147313513260771956e+01
1.945371839999999793e+04,2.161868822257952871e+01
1.948449959999999919e+04,2.147092128633906327e+01
1.951528080000000045e+04,2.130145317544940298e+01
1.954606199999999808e+04,2.125978766377656370e+01
1.957684319999999934e+04,2.108301523921419474e+01
1.960762440000000061e+04,2.091483928510091772e+01
1.963840559999999823e+04,2.102999997837659762e+01
1.966918679999999949e+04,2.114320473062663197e+01
1.969996800000000076e+04,2.120453720596139036e+01
1.973074919999999838e+04,2.125051565848703916e+01
1.976153039999999964e+04,2.118951732396729781e+01
1.979231159999999727e+04,2.122104940844829457e+01
1.982309279999999853e+04,2.125317696664663814e+01
1.985387399999999980e+04,2.126556433951206770e+01
1.988465519999999742e+04,2.118709440206493966e+01
1.991543639999999868e+04,2.130095174962891136e+01
1.994621759999999995e+04,2.126513405708671201e+01
1.997699879999999757e+04,2.128509236722144493e+01
2.000777999999999884e+04,2.134571682119435820e+01
2.003856120000000010e+04,2.157743730001515203e+01
2.006934239999999772e+04,2.169024050865052544e+01
2.010012359999999899e+04,2.180641375016776351e+01
2.013090480000000025e+04,2.196390428553852558e+01
2.016168599999999788e+04,2.213750797735803388e+01
2.019246719999999914e+04,2.229779426826981137e+01
2.022324840000000040e+04,2.240018104672411070e+01
2.025402959999999803e+04,2.232065950518885700e+01
2.028481079999999929e+04,2.245420922863088009e+01
2.031559200000000055e+04,2.244230457674886736e+01
2.034637319999999818e+04,2.240974088063074632e+01
2.037715439999999944e+04,2.245345411337533292e+01
2.040793560000000070e+04,2.234951463052340159e+01
2.043871679999999833e+04,2.249099283145997319e+01
2.046949799999999959e+04,2.258767087209415791e+01
2.050027919999999722e+04,2.254363259415068654e+01
2.053106039999999848e+04,2.263115250076879548e+01
2.056184159999999974e+04,2.242819546452627577e+01
2.059262279999999737e+04,2.251442251446185239e+01
2.062340399999999863e+04,2.257433103433271881e+01
2.065418519999999990e+04,2.274087734433981822e+01
2.068496639999999752e+04,2.305463721629782370e+01
2.071574759999999878e+04,2.288230034341376751e+01
2.074652880000000005e+04,2.229169909061335986e+01
2.077730999999999767e+04,2.194710871618737258e+01
2.080809119999999893e+04,2.177891067155830740e+01
2.083887240000000020e+04,2.171672786278556444e+01
2.086965359999999782e+04,2.181371826205459641e+01
2.090043479999999909e+04,2.183833453879154973e+01
2.093121600000000035e+04,2.190273061188691273e+01
2.096199719999999797e+04,2.205284036872856746e+01
2.099277839999999924e+04,2.215262888197313629e+01
2.102355960000000050e+04,2.218754078012609554e+01
2.105434079999999813e+04,2.227243537979174448e+01
2.108512199999999939e+04,2.244778483082275145e+01
2.111590320000000065e+04,2.245707821753120470e+01
2.114668439999999828e+04,2.237674347375380535e+01
2.117746559999999954e+04,2.233587735349925296e+01
2.120824679999999717e+04,2.226317608920610169e+01
2.123902799999999843e+04,2.231907781172331795e+01
2.126980919999999969e+04,2.221211799478655990e+01
2.130059039999999732e+04,2.205880047317144843e+01
2.133137159999999858e+04,2.192832423048520951e+01
2.136215279999999984e+04,2.157526297639079260e+01
2.139293399999999747e+04,2.132879453927634827e+01
2.142371519999999873e+04,2.102372867035963466e+01
2.145449639999999999e+04,2.079555716980287983e+01
2.148527759999999762e+04,2.070350456029058250e+01
2.151605879999999888e+04,2.063878548025382997e+01
2.154684000000000015e+04,2.044784107540908735e+01
2.157762119999999777e+04,2.035171331587696031e+01
2.160840239999999903e+04,2.030767591037840702e+01
2.163918360000000030e+04,2.027227192265122113e+01
2.166996479999999792e+04,2.028837392852084420e+01
2.170074599999999919e+04,2.012292747136444504e+01
2.173152720000000045e+04,2.016871009254003155e+01
2.176230839999999807e+04,1.999864621689258470e+01
2.179308959999999934e+04,2.000566401771805758e+01
2.182387080000000060e+04,1.990274938504709468e+01
2.185465199999999822e+04,1.994857645963461934e+01
2.188543319999999949e+04,2.006967430183587098e+01
2.191621439999999711e+04,2.000462154691830108e+01
2.194699559999999838e+04,2.010939156378288928e+01
2.197777679999999964e+04,2.010078652439806390e+01
2.200855799999999726e+04,1.999469466409575702e+01
2.203933919999999853e+04,1.985035277206300819e+01
2.207012039999999979e+04,1.968906561855725101e+01
2.210090159999999742e+04,1.964422414210901024e+01
2.213168279999999868e+04,1.958031436909486089e+01
2.216246399999999994e+04,1.964779649895931612e+01
2.219324519999999757e+04,1.981068743911417229e+01
2.222402639999999883e+04,1.974444569185896725e+01
2.225480760000000009e+04,1.948775208557578509e+01
2.228558879999999772e+04,1.950382315060549487e+01
2.231636999999999898e+04,1.940671209724786550e+01
2.234715120000000024e+04,1.939077938605009166e+01
2.237793239999999787e+04,1.930158443301451854e+01
2.240871359999999913e+04,1.918440052262813822e+01
2.243949480000000040e+04,1.914739416619250534e+01
2.247027599999999802e+04,1.926466366130113883e+01
2.250105719999999928e+04,1.922176094709019623e+01
2.253183840000000055e+04,1.915305766831654921e+01
2.256261959999999817e+04,1.925148168889489853e+01
2.259340079999999944e+04,1.936064730155550251e+01
2.262418199999999706e+04,1.934645699455074208e+01
2.265496319999999832e+04,1.928391797125858886e+01
2.268574439999999959e+04,1.944129593932338196e+01
2.271652559999999721e+04,1.961935627018949191e+01
2.274730679999999847e+04,1.935308989229798726e+01
2.277808799999999974e+04,1.913252824177797962e+01
2.280886919999999736e+04,1.911132274005688458e+01
2.283965039999999863e+04,1.906452829645668956e+01
2.287043159999999989e+04,1.915070423934806954e+01
2.290121279999999751e+04,1.923719571307075782e+01
2.293199399999999878e+04,1.921367722616545848e+01
2.296277520000000004e+04,1.926066033123053600e+01
2.299355639999999767e+04,1.912998785050434591e+01
2.302433759999999893e+04,1.907726386539142638e+01
2.305511880000000019e+04,1.913280307939576375e+01
2.308589999999999782e+04,1.899730799705321260e+01
2.311668119999999908e+04,1.896455786327368287e+01
2.314746240000000034e+04,1.915290013142262993e+01
2.317824359999999797e+04,1.948186815546739581e+01
2.320902479999999923e+04,1.980371048262294309e+01
2.323980600000000049e+04,2.003209780161579090e+01
2.327058719999999812e+04,2.001369017770576875e+01
2.330136839999999938e+04,1.990386103398053663e+01
2.333214959999999701e+04,1.984188888947038265e+01
2.336293079999999827e+04,1.987453169942588005e+01
2.339371199999999953e+04,1.996816483501585537e+01
2.342449319999999716e+04,2.004007277042214241e+01
2.345527439999999842e+04,2.004390917646852088e+01
2.348605559999999969e+04,2.001511546813173936e+01
2.351683679999999731e+04,1.984324568712260373e+01
2.354761799999999857e+04,1.980686020733038077e+01
2.357839919999999984e+04,1.981730922320745236e+01
2.360918039999999746e+04,1.978525035790033115e+01
2.363996159999999873e+04,1.963336099848459071e+01
2.367074279999999999e+04,1.950285864319700124e+01
2.370152399999999761e+04,1.952105279073023780e+01
2.373230519999999888e+04,1.950963439344522854e+01
2.376308640000000014e+04,1.956589849119684388e+01
2.379386759999999776e+04,1.976013552691340891e+01
2.382464879999999903e+04,1.972450343732207045e+01
2.385543000000000029e+04,1.961726763784387728e+01
2.388621119999999792e+04,1.974262137124434702e+01
2.391699239999999918e+04,1.972425232773848336e+01
2.394777360000000044e+04,1.965758779291384073e+01
2.397855479999999807e+04,1.954626241044040569e+01
2.400933599999999933e+04,1.944211842097270448e+01
2.404011719999999696e+04,1.958368426665430206e+01
2.407089839999999822e+04,1.969555613383054649e+01
2.410167959999999948e+04,1.974930022173492361e+01
2.413246079999999711e+04,1.970096094896350536e+01
2.416324199999999837e+04,1.954538507742874387e+01
2.419402319999999963e+04,1.947995818762745301e+01
2.422480439999999726e+04,1.950138140717974977e+01
2.425558559999999852e+04,1.959386139287416029e+01
2.428636679999999978e+04,1.976141387268018690e+01
2.431714799999999741e+04,1.988801878190404793e+01
2.434792919999999867e+04,1.986768520868472621e+01
2.437871039999999994e+04,1.975110786900328463e+01
2.440949159999999756e+04,1.985940536694105774e+01
2.444027279999999882e+04,1.962520522683439950e+01
2.447105400000000009e+04,1.921416289117145837e+01
2.450183519999999771e+04,1.902619295530690380e+01
2.453261639999999898e+04,1.900446057952553147e+01
2.456339760000000024e+04,1.906670589754240552e+01
2.459417879999999786e+04,1.916093228338170462e+01
2.462495999999999913e+04,1.921505870251493064e+01
2.465574120000000039e+04,1.911095975576773398e+01
2.468652239999999802e+04,1.919945257006411410e+01
2.471730359999999928e+04,1.925328735308342587e+01
2.474808479999999690e+04,1.929484272691905744e+01
2.477886599999999817e+04,1.918156728989658433e+01
2.480964719999999943e+04,1.931432207818983571e+01
2.484042839999999705e+04,1.925163475743243779e+01
2.487120959999999832e+04,1.922799853831031669e+01
2.490199079999999958e+04,1.911022589966641405e+01
2.493277199999999721e+04,1.897083182940519919e+01
2.496355319999999847e+04,1.887856021382544114e+01
2.499433439999999973e+04,1.892336692702464518e+01
2.502511559999999736e+04,1.895358763046241179e+01
2.505589679999999862e+04,1.897437895106278916e+01
2.508667799999999988e+04,1.908463686410603088e+01
2.511745919999999751e+04,1.915177656510951820e+01
2.514824039999999877e+04,1.932958424610158232e+01
2.517902160000000003e+04,1.943597648452842463e+01
2.520980279999999766e+04,1.945807825648713063e+01
2.524058399999999892e+04,1.942098049145124961e+01
2.527136520000000019e+04,1.933456680252026771e+01
2.530214639999999781e+04,1.932485546656353748e+01
2.533292759999999907e+04,1.927236448039925776e+01
2.536370880000000034e+04,1.917426874372052836e+01
2.539448999999999796e+04,1.907473782609000068e+01
2.542527119999999923e+04,1.893124627043892261e+01
2.545605239999999685e+04,1.877017423994145062e+01
2.548683359999999811e+04,1.872982451854462127e+01
2.551761479999999938e+04,1.881944033534704275e+01
2.554839599999999700e+04,1.895762556642344521e+01
2.557917719999999827e+04,1.910433853555927186e+01
2.560995839999999953e+04,1.933257383260927043e+01
2.564073959999999715e+04,1.952230855283914579e+01
2.567152079999999842e+04,1.976593186680510073e+01
2.570230199999999968e+04,1.986330609453880669e+01
2.573308319999999730e+04,1.987314730603438662e+01
2.576386439999999857e+04,1.993168135391871232e+01
2.579464559999999983e+04,1.997734130444140277e+01
2.582542679999999746e+04,1.998305370579864970e+01
2.585620799999999872e+04,1.994215025192436741e+01
2.588698919999999998e+04,1.986023473032611975e+01
2.591777039999999761e+04,1.983882162793265636e+01
2.594855159999999887e+04,1.991897110681009408e+01
2.597933280000000013e+04,2.016949034529966411e+01
2.601011399999999776e+04,2.016506486477879534e+01
2.604089519999999902e+04,2.010760460852418774e+01
2.607167640000000029e+04,2.012728330291010437e+01
2.610245759999999791e+04,2.023390348512721459e+01
2.613323879999999917e+04,2.014617305114920853e+01
2.616401999999999680e+04,2.008353045487232791e+01
2.619480119999999806e+04,2.003021628612224347e+01
2.622558239999999932e+04,2.013253139808179171e+01
2.625636359999999695e+04,2.014771125270446461e+01
2.628714479999999821e+04,2.014883087199075007e+01
2.631792599999999948e+04,2.001001695971032746e+01
2.634870719999999710e+04,1.988321246064932168e+01
2.637948839999999836e+04,1.970158780782924524e+01
2.641026959999999963e+04,1.964599531191122850e+01
2.644105079999999725e+04,1.968938458146269355e+01
2.647183199999999852e+04,1.975056383727381260e+01
2.650261319999999978e+04,1.975848099289449067e+01
2.653339439999999740e+04,1.985689697413207710e+01
2.656417559999999867e+04,1.988432036035263550e+01
2.659495679999999993e+04,1.995290410879597687e+01
2.662573799999999756e+04,1.993518737736585678e+01
2.665651919999999882e+04,1.992762437451342450e+01
2.668730040000000008e+04,1.988645967956419014e+01
2.671808159999999771e+04,1.990736775325362728e+01
2.674886279999999897e+04,2.003682349912927663e+01
2.677964400000000023e+04,1.999286585309997832e+01
2.681042519999999786e+04,1.979847418972103412e+01
2.684120639999999912e+04,1.965689564069539585e+01
2.687198759999999675e+04,1.976946287048951234e+01
2.690276879999999801e+04,1.981857624799607720e+01
2.693354999999999927e+04,1.982269010775102203e+01
2.696433119999999690e+04,1.965411494513715240e+01
2.699511239999999816e+04,1.964050899045955134e+01
2.702589359999999942e+04,1.979535403246117298e+01
2.705667479999999705e+04,1.978159183153664102e+01
2.708745599999999831e+04,1.998112034750616317e+01
2.711823719999999958e+04,2.009410333666261295e+01
2.714901839999999720e+04,2.025867158161285531e+01
2.717979959999999846e+04,1.995792946811408797e+01
2.721058079999999973e+04,1.965905016882719991e+01
2.724136199999999735e+04,1.950999584002055798e+01
2.727214319999999861e+04,1.941454777287336597e+01
2.730292439999999988e+04,1.931395759835853099e+01
2.733370559999999750e+04,1.915650525843112106e+01
2.736448679999999877e+04,1.926515263591532090e+01
2.739526800000000003e+04,1.934394864878684217e+01
2.742604919999999765e+04,1.938034628134581894e+01
2.745683039999999892e+04,1.943245796514379364e+01
2.748761160000000018e+04,1.943294312042038996e+01
2.751839279999999781e+04,1.947060597239080337e+01
2.754917399999999907e+04,1.956845608044779183e+01
2.757995519999999669e+04,1.962726096588990288e+01
2.761073639999999796e+04,1.946315861858250784e+01
2.764151759999999922e+04,1.941695024888534959e+01
2.767229879999999685e+04,1.934693158573600869e+01
2.770307999999999811e+04,1.927609871089335414e+01
2.773386119999999937e+04,1.933434642912944312e+01
2.776464239999999700e+04,1.957988549341434137e+01
2.779542359999999826e+04,1.954735659042064455e+01
2.782620479999999952e+04,1.951963651122053633e+01
2.785698599999999715e+04,1.953539090243069154e+01
2.788776719999999841e+04,1.965780893695304599e+01
2.791854839999999967e+04,1.981192566056965987e+01
2.794932959999999730e+04,1.980464127114849759e+01
2.798011079999999856e+04,1.975563064447671024e+01
2.801089199999999983e+04,1.982397285406519316e+01
2.804167319999999745e+04,1.973044917043263169e+01
2.807245439999999871e+04,1.961623698394660664e+01
2.810323559999999998e+04,1.977985182330389335e+01
2.813401679999999760e+04,1.982138263656588251e+01
2.816479799999999886e+04,1.987632436871637509e+01
2.819557920000000013e+04,1.963508919530795538e+01
2.822636039999999775e+04,1.934237041421898340e+01
2.825714159999999902e+04,1.920565429451619721e+01
2.828792280000000028e+04,1.918853506037825341e+01
2.831870399999999790e+04,1.903440827600908136e+01
2.834948519999999917e+04,1.904530900671148075e+01
2.838026639999999679e+04,1.924607881820537614e+01
2.841104759999999806e+04,1.923123768960484625e+01
2.844182879999999932e+04,1.925365108079529008e+01
2.847260999999999694e+04,1.932467615684772611e+01
2.850339119999999821e+04,1.941980976065973863e+01
2.853417239999999947e+04,1.940762863988047116e+01
2.856495359999999710e+04,1.948012147426329932e+01
2.859573479999999836e+04,1.978470326953386049e+01
2.862651599999999962e+04,1.979618908100212593e+01
2.865729719999999725e+04,1.983327837331642840e+01
2.868807839999999851e+04,1.973110628744831985e+01
2.871885959999999977e+04,1.976770877682468353e+01
2.874964079999999740e+04,1.986627621571802749e+01
2.878042199999999866e+04,1.995033705431883320e+01
2.881120319999999992e+04,1.994525918704657030e+01
2.884198439999999755e+04,2.016756379827468848e+01
2.887276559999999881e+04,2.033082851937165714e+01
2.890354680000000008e+04,2.020241669827572650e+01
2.893432799999999770e+04,2.024350838714825684e+01
2.896510919999999896e+04,2.016394263851222846e+01
2.899589040000000023e+04,2.004978973098208783e+01
2.902667159999999785e+04,2.006465540265929093e+01
2.905745279999999912e+04,1.982843849789707491e+01
2.908823399999999674e+04,1.960290698134687304e+01
2.911901519999999800e+04,1.937739499274631783e+01
2.914979639999999927e+04,1.925835675839954320e+01
2.918057759999999689e+04,1.924397334891289546e+01
2.921135879999999815e+04,1.925996639342609740e+01
2.924213999999999942e+04,1.932748870020268228e+01
2.927292119999999704e+04,1.955366209373334740e+01
2.930370239999999831e+04,1.966435058531700619e+01
2.933448359999999957e+04,1.979868074830907076e+01
2.936526479999999719e+04,1.983443206750153109e+01
2.939604599999999846e+04,1.977955838216600171e+01
2.942682719999999972e+04,1.958830873414928675e+01
2.945760839999999735e+04,1.934814141759758499e+01
2.948838959999999861e+04,1.919327962106222074e+01
2.951917079999999987e+04,1.941890949892820828e+01
2.954995199999999750e+04,1.960298565716822594e+01
2.958073319999999876e+04,1.966813850685853637e+01
2.961151440000000002e+04,1.963009661456824162e+01
2.964229559999999765e+04,1.934676114355495002e+01
2.967307679999999891e+04,1.905965411104003948e+01
2.970385800000000017e+04,1.883933656881261243e+01
2.973463919999999780e+04,1.870875065289609296e+01
2.976542039999999906e+04,1.861240016819250442e+01
2.979620159999999669e+04,1.869624350469879559e+01
2.982698279999999795e+04,1.886963116521932093e+01
2.985776399999999921e+04,1.898012327055299409e+01
2.988854519999999684e+04,1.904234680445595984e+01
2.991932639999999810e+04,1.904417359253942976e+01
2.995010759999999937e+04,1.911234691288440857e+01
2.998088879999999699e+04,1.912323752368721941e+01
3.001166999999999825e+04,1.930062265657648979e+01
3.004245119999999952e+04,1.947203488181716935e+01
3.007323239999999714e+04,1.959484068358126407e+01
3.010401359999999841e+04,1.950555634477242961e+01
3.013479479999999967e+04,1.940814391895143487e+01
3.016557599999999729e+04,1.944961944939958443e+01
3.019635719999999856e+04,1.938451653398038133e+01
3.022713839999999982e+04,1.928129792764659456e+01
3.025791959999999744e+04,1.916147139691571155e+01
3.028870079999999871e+04,1.924514479641905496e+01
3.031948199999999997e+04,1.944035551015438301e+01
3.035026319999999760e+04,1.958547757593324334e+01
3.038104439999999886e+04,1.980682818423581892e+01
3.041182560000000012e+04,1.998298621854173263e+01
3.044260679999999775e+04,1.983972684221671656e+01
3.047338799999999901e+04,1.981701224984432841e+01
3.050416919999999664e+04,1.971722539464178681e+01
3.053495039999999790e+04,1.971925681213214432e+01
3.056573159999999916e+04,1.963261546380887523e+01
3.059651279999999679e+04,1.976836316121207204e+01
3.062729399999999805e+04,1.985256545873214407e+01
3.065807519999999931e+04,2.015347245341281734e+01
3.068885639999999694e+04,2.045491065986354329e+01
3.071963759999999820e+04,2.036836273295838851e+01
3.075041879999999946e+04,2.028919196933214764e+01
3.078119999999999709e+04,2.037398835659045204e+01
3.081198119999999835e+04,2.043322137220953039e+01
3.084276239999999962e+04,2.037692481909336095e+01
3.087354359999999724e+04,2.021971214732526079e+01
3.090432479999999850e+04,2.011037521617318191e+01
3.093510599999999977e+04,2.020919417741538382e+01
3.096588719999999739e+04,2.033511581030914073e+01
3.099666839999999866e+04,2.019832486094447432e+01
3.102744959999999992e+04,1.995022955577051604e+01
3.105823079999999754e+04,1.985243938729089663e+01
3.108901199999999881e+04,1.984711384271135870e+01
3.111979320000000007e+04,1.973963451015704251e+01
3.115057439999999769e+04,1.968410872976480874e+01
3.118135559999999896e+04,1.956840939655256406e+01
3.121213679999999658e+04,1.959647519593870513e+01
3.124291799999999785e+04,1.959628320856580785e+01
3.127369919999999911e+04,1.956561911882312188e+01
3.130448039999999673e+04,1.929851601474373624e+01
3.133526159999999800e+04,1.903192651975350103e+01
3.136604279999999926e+04,1.906024756043302659e+01
3.139682399999999689e+04,1.926361204247301373e+01
3.142760519999999815e+04,1.942860976106515025e+01
3.145838639999999941e+04,1.942238840151433976e+01
3.148916759999999704e+04,1.952823421331174814e+01
