0.000000000000000000e+00,2.755048385839922886e+01
3.078119999999999834e+01,2.739875955827992016e+01
6.156239999999999668e+01,2.726627882089452726e+01
9.234359999999999502e+01,2.757266325126202844e+01
1.231247999999999934e+02,2.790288419321600699e+01
1.539060000000000059e+02,2.782802146718256608e+01
1.846871999999999900e+02,2.816546197273299157e+01
2.154683999999999742e+02,2.826004922430707467e+01
2.462495999999999867e+02,2.793777727949512624e+01
2.770307999999999993e+02,2.775013003649473831e+01
3.078120000000000118e+02,2.735319950162196889e+01
3.385931999999999675e+02,2.734955740664382873e+01
3.693743999999999801e+02,2.725394706764815211e+01
4.001555999999999926e+02,2.726951524950273154e+01
4.309367999999999483e+02,2.735189609672402256e+01
4.617179999999999609e+02,2.811309648730700061e+01
4.924991999999999734e+02,2.830803084276309889e+01
5.232803999999999860e+02,2.849623774460432912e+01
5.540615999999999985e+02,2.805471859039447935e+01
5.848428000000000111e+02,2.796589978869424797e+01
6.156240000000000236e+02,2.815870415774313784e+01
6.464051999999999225e+02,2.822469391229727265e+01
6.771863999999999351e+02,2.823487950346090258e+01
7.079675999999999476e+02,2.831836766358269841e+01
7.387487999999999602e+02,2.816154594934009125e+01
7.695299999999999727e+02,2.855652260137456011e+01
8.003111999999999853e+02,2.850384816315718695e+01
8.310923999999999978e+02,2.773754262873098853e+01
8.618735999999998967e+02,2.751436928212840272e+01
8.926547999999999092e+02,2.816567060758357144e+01
9.234359999999999218e+02,2.824648776984350462e+01
9.542171999999999343e+02,2.846436924662162227e+01
9.849983999999999469e+02,2.809392974837687262e+01
1.015779599999999959e+03,2.812095283551921554e+01
1.046560799999999972e+03,2.798151710402665771e+01
1.077341999999999871e+03,2.763203620417023743e+01
1.108123199999999997e+03,2.730648438653921062e+01
1.138904399999999896e+03,2.756774778281312521e+01
1.169685600000000022e+03,2.743465787769211062e+01
1.200466799999999921e+03,2.754121490821049889e+01
1.231248000000000047e+03,2.741995978676600387e+01
1.262029199999999946e+03,2.752060287233510394e+01
1.292810399999999845e+03,2.748989203075716858e+01
1.323591599999999971e+03,2.770310033890609347e+01
1.354372799999999870e+03,2.763943453560949948e+01
1.385153999999999996e+03,2.758601537595546915e+01
1.415935199999999895e+03,2.737739239675592628e+01
1.446716400000000021e+03,2.696895698875804825e+01
1.477497599999999920e+03,2.644765404586824431e+01
1.508278799999999819e+03,2.628118114731532629e+01
1.539059999999999945e+03,2.663348266772095130e+01
1.569841199999999844e+03,2.625225308150769266e+01
1.600622399999999971e+03,2.610457936755252462e+01
1.631403599999999869e+03,2.598289700233600641e+01
1.662184799999999996e+03,2.592063097519773152e+01
1.692965999999999894e+03,2.595159435741266307e+01
1.723747199999999793e+03,2.598514462176878226e+01
1.754528399999999920e+03,2.643287402812685372e+01
1.785309599999999818e+03,2.698372354009380203e+01
1.816090799999999945e+03,2.754553355966429251e+01
1.846871999999999844e+03,2.782838067207403654e+01
1.877653199999999970e+03,2.760898123881614907e+01
1.908434399999999869e+03,2.744171230876060363e+01
1.939215599999999995e+03,2.748410245621787595e+01
1.969996799999999894e+03,2.729402400731311928e+01
2.000777999999999793e+03,2.760728805254115059e+01
2.031559199999999919e+03,2.819523753326215498e+01
2.062340400000000045e+03,2.787373823844565024e+01
2.093121599999999944e+03,2.805884361853294351e+01
2.123902799999999843e+03,2.763920118593644304e+01
2.154683999999999742e+03,2.766509748152909154e+01
2.185465200000000095e+03,2.769392218142964879e+01
2.216246399999999994e+03,2.733703311260714131e+01
2.247027599999999893e+03,2.683694752475173573e+01
2.277808799999999792e+03,2.635284087696742716e+01
2.308589999999999691e+03,2.616266403815177100e+01
2.339371200000000044e+03,2.604863625610042632e+01
2.370152399999999943e+03,2.586549100073989749e+01
2.400933599999999842e+03,2.607580640970076757e+01
2.431714799999999741e+03,2.627412810983220837e+01
2.462496000000000095e+03,2.612600741943898797e+01
2.493277199999999993e+03,2.643292924837881586e+01
2.524058399999999892e+03,2.651741486391841107e+01
2.554839599999999791e+03,2.590034791014545945e+01
2.585620799999999690e+03,2.572878663880607064e+01
2.616402000000000044e+03,2.537697481298819113e+01
2.647183199999999943e+03,2.528243412525284839e+01
2.677964399999999841e+03,2.524093743439386373e+01
2.708745599999999740e+03,2.514155748831886328e+01
2.739526799999999639e+03,2.509248416650474667e+01
2.770307999999999993e+03,2.503925036480102051e+01
2.801089199999999892e+03,2.532680006305148979e+01
2.831870399999999790e+03,2.523591131186346104e+01
2.862651599999999689e+03,2.503228297518238676e+01
2.893432800000000043e+03,2.514539292625463318e+01
2.924213999999999942e+03,2.491674513743108932e+01
2.954995199999999841e+03,2.487059621657592956e+01
2.985776399999999740e+03,2.505977434430786488e+01
3.016557599999999638e+03,2.497967958467446081e+01
3.047338799999999992e+03,2.501452351283719722e+01
3.078119999999999891e+03,2.506556448606234255e+01
3.108901199999999790e+03,2.549737797562593755e+01
3.139682399999999689e+03,2.588903462288319446e+01
3.170463600000000042e+03,2.629740790007985751e+01
3.201244799999999941e+03,2.640811495868927850e+01
3.232025999999999840e+03,2.598837866652398176e+01
3.262807199999999739e+03,2.548947195302882207e+01
3.293588399999999638e+03,2.535771524115787301e+01
3.324369599999999991e+03,2.554374058625773714e+01
3.355150799999999890e+03,2.556172930288390077e+01
3.385931999999999789e+03,2.529572269652242866e+01
3.416713199999999688e+03,2.506490511531855958e+01
3.447494399999999587e+03,2.510187258007703903e+01
3.478275599999999940e+03,2.496828641400689719e+01
3.509056799999999839e+03,2.518453732115393962e+01
3.539837999999999738e+03,2.505953112950022543e+01
3.570619199999999637e+03,2.511755729637904722e+01
3.601400399999999991e+03,2.514229316427240235e+01
3.632181599999999889e+03,2.552029148852515661e+01
3.662962799999999788e+03,2.557756809981648516e+01
3.693743999999999687e+03,2.565611489638750697e+01
3.724525199999999586e+03,2.566003441618261149e+01
3.755306399999999940e+03,2.576106523397504944e+01
3.786087599999999838e+03,2.629335041023083264e+01
3.816868799999999737e+03,2.668742862830736584e+01
3.847649999999999636e+03,2.685204617608945910e+01
3.878431199999999990e+03,2.711370837402156653e+01
3.909212399999999889e+03,2.760530450235829392e+01
3.939993599999999788e+03,2.823116747964048656e+01
3.970774799999999686e+03,2.895715899751532874e+01
4.001555999999999585e+03,2.914946921845816519e+01
4.032337199999999939e+03,2.920227530900549695e+01
4.063118399999999838e+03,2.921623635319257062e+01
4.093899599999999737e+03,2.916621044791366302e+01
4.124680800000000090e+03,2.988829645170055471e+01
4.155461999999999534e+03,2.989262327987587042e+01
4.186243199999999888e+03,2.969661675756031372e+01
4.217024399999999332e+03,2.938726836157644584e+01
4.247805599999999686e+03,2.955376666312286815e+01
4.278586800000000039e+03,3.027685064429299899e+01
4.309367999999999483e+03,3.062137590459920489e+01
4.340149199999999837e+03,2.894496975251568571e+01
4.370930400000000191e+03,2.799660861124121070e+01
4.401711599999999635e+03,2.776382211570355096e+01
4.432492799999999988e+03,2.778764000926000932e+01
4.463273999999999432e+03,2.728423060222965191e+01
4.494055199999999786e+03,2.743751874392104284e+01
4.524836400000000140e+03,2.770634542960308977e+01
4.555617599999999584e+03,2.734085053069500759e+01
4.586398799999999937e+03,2.740436137566013031e+01
4.617179999999999382e+03,2.794095491436904055e+01
4.647961199999999735e+03,2.788643773693843286e+01
4.678742400000000089e+03,2.705573090471834874e+01
4.709523599999999533e+03,2.706336431448212210e+01
4.740304799999999886e+03,2.649726884427729701e+01
4.771085999999999331e+03,2.604122018144569495e+01
4.801867199999999684e+03,2.633951184225796638e+01
4.832648400000000038e+03,2.688333942075966831e+01
4.863429599999999482e+03,2.696447733564592042e+01
4.894210799999999836e+03,2.695340787481422140e+01
4.924992000000000189e+03,2.744421884765437269e+01
4.955773199999999633e+03,2.709782514011062560e+01
4.986554399999999987e+03,2.646562033278963000e+01
5.017335599999999431e+03,2.582904042196012284e+01
5.048116799999999785e+03,2.561641022467981799e+01
5.078898000000000138e+03,2.524738490678970493e+01
5.109679199999999582e+03,2.504387981929896512e+01
5.140460399999999936e+03,2.567931214945585694e+01
5.171241599999999380e+03,2.614618574205700696e+01
5.202022799999999734e+03,2.645245180606548985e+01
5.232804000000000087e+03,2.687685279557434725e+01
5.263585199999999531e+03,2.717836857890932833e+01
5.294366399999999885e+03,2.733418636581403049e+01
5.325147599999999329e+03,2.670825478830892763e+01
5.355928799999999683e+03,2.645431670453971407e+01
5.386710000000000036e+03,2.601026430795336353e+01
5.417491199999999480e+03,2.557976162759990402e+01
5.448272399999999834e+03,2.581583033578006692e+01
5.479053599999999278e+03,2.563901449253004827e+01
5.509834799999999632e+03,2.536723012746226757e+01
5.540615999999999985e+03,2.567596804930229482e+01
5.571397199999999430e+03,2.592855829550897084e+01
5.602178399999999783e+03,2.539218104158158695e+01
5.632959600000000137e+03,2.510499789206917853e+01
5.663740799999999581e+03,2.542384686508629699e+01
5.694521999999999935e+03,2.580432050423545576e+01
5.725303199999999379e+03,2.638419543403751533e+01
5.756084399999999732e+03,2.670299543046286672e+01
5.786865600000000086e+03,2.663005099355252980e+01
5.817646799999999530e+03,2.650226935782198012e+01
5.848427999999999884e+03,2.672817033384682617e+01
5.879209199999999328e+03,2.695289175509788393e+01
5.909990399999999681e+03,2.664467907998621143e+01
5.940771600000000035e+03,2.676743518355019802e+01
5.971552799999999479e+03,2.658941681739165830e+01
6.002333999999999833e+03,2.701293057613774451e+01
6.033115199999999277e+03,2.740017557053489128e+01
6.063896399999999630e+03,2.698132660236240099e+01
6.094677599999999984e+03,2.678772051968771351e+01
6.125458799999999428e+03,2.605593687014297188e+01
6.156239999999999782e+03,2.526483723985823104e+01
6.187021199999999226e+03,2.486368241644239419e+01
6.217802399999999579e+03,2.501533114662025881e+01
6.248583599999999933e+03,2.513692886311302388e+01
6.279364799999999377e+03,2.516426231636668120e+01
6.310145999999999731e+03,2.466373445264190778e+01
6.340927200000000084e+03,2.399356197541907321e+01
6.371708399999999529e+03,2.406433456472700527e+01
6.402489599999999882e+03,2.449800952732962855e+01
6.433270799999999326e+03,2.445675893081068608e+01
6.464051999999999680e+03,2.464201648378863041e+01
6.494833200000000033e+03,2.450656961224382613e+01
6.525614399999999478e+03,2.440479722214574920e+01
6.556395599999999831e+03,2.442501701407975645e+01
6.587176799999999275e+03,2.464171216911613627e+01
6.617957999999999629e+03,2.528010735905220230e+01
6.648739199999999983e+03,2.527589653021854943e+01
6.679520399999999427e+03,2.520699976128993569e+01
6.710301599999999780e+03,2.506664932860701001e+01
6.741082799999999224e+03,2.527168474251663000e+01
6.771863999999999578e+03,2.510126725987422702e+01
6.802645199999999932e+03,2.488619611255041519e+01
6.833426399999999376e+03,2.443578566314545597e+01
6.864207599999999729e+03,2.445587627500185945e+01
6.894988799999999173e+03,2.466749644461244273e+01
6.925769999999999527e+03,2.444133073018850411e+01
6.956551199999999881e+03,2.405618390423107300e+01
6.987332399999999325e+03,2.372146843027291041e+01
7.018113599999999678e+03,2.375315102161733449e+01
7.048894800000000032e+03,2.336733561066751719e+01
7.079675999999999476e+03,2.301805412708333876e+01
7.110457199999999830e+03,2.293703202523963824e+01
7.141238399999999274e+03,2.306981963406978764e+01
7.172019599999999627e+03,2.281947060060024057e+01
7.202800799999999981e+03,2.283350463087381499e+01
7.233581999999999425e+03,2.308972807330329502e+01
7.264363199999999779e+03,2.321974232054155252e+01
7.295144399999999223e+03,2.304760693768642810e+01
7.325925599999999577e+03,2.285746431425470604e+01
7.356706799999999930e+03,2.297998996235544311e+01
7.387487999999999374e+03,2.299709400379047608e+01
7.418269199999999728e+03,2.284729788503939929e+01
7.449050399999999172e+03,2.263277381991079196e+01
7.479831599999999526e+03,2.284731708967666819e+01
7.510612799999999879e+03,2.327053552005060411e+01
7.541393999999999323e+03,2.329872808265620421e+01
7.572175199999999677e+03,2.374839445126028892e+01
7.602956400000000031e+03,2.393682442550157319e+01
7.633737599999999475e+03,2.394382278528760821e+01
7.664518799999999828e+03,2.419193951375091700e+01
7.695299999999999272e+03,2.450481809794250765e+01
7.726081199999999626e+03,2.469855682797719965e+01
7.756862399999999980e+03,2.461311456275375065e+01
7.787643599999999424e+03,2.503843544038143776e+01
7.818424799999999777e+03,2.555314835275192920e+01
7.849205999999999221e+03,2.598020297083714780e+01
7.879987199999999575e+03,2.557373854065966512e+01
7.910768399999999929e+03,2.551682580255850752e+01
7.941549599999999373e+03,2.550029144121781144e+01
7.972330799999999726e+03,2.594104749169094859e+01
8.003111999999999171e+03,2.607666479649423152e+01
8.033893199999999524e+03,2.597587566046752627e+01
8.064674399999999878e+03,2.613057764530145022e+01
8.095455599999999322e+03,2.673356431437203184e+01
8.126236799999999675e+03,2.678905467704970889e+01
8.157017999999999120e+03,2.660943519677401881e+01
8.187799199999999473e+03,2.741379422399062449e+01
8.218580399999998917e+03,2.761688098953863602e+01
8.249361600000000180e+03,2.791342550024862845e+01
8.280142799999999625e+03,2.831622731587074426e+01
8.310923999999999069e+03,2.829404116658800206e+01
8.341705200000000332e+03,2.841521929762814835e+01
8.372486399999999776e+03,2.840352421854267462e+01
8.403267599999999220e+03,2.782194148496955677e+01
8.434048799999998664e+03,2.687004686719682311e+01
8.464829999999999927e+03,2.641359073167552651e+01
8.495611199999999371e+03,2.613533742732778720e+01
8.526392399999998815e+03,2.602171079524311992e+01
8.557173600000000079e+03,2.594801766221554118e+01
8.587954799999999523e+03,2.548431655684090913e+01
8.618735999999998967e+03,2.505845006031395172e+01
8.649517200000000230e+03,2.456663458364431207e+01
8.680298399999999674e+03,2.481948169919088087e+01
8.711079599999999118e+03,2.513872242062514673e+01
8.741860800000000381e+03,2.471790154501096026e+01
8.772641999999999825e+03,2.481039928522179494e+01
8.803423199999999269e+03,2.442052191057905119e+01
8.834204399999998714e+03,2.440836332619688420e+01
8.864985599999999977e+03,2.442475910005165218e+01
8.895766799999999421e+03,2.463359875607858385e+01
8.926547999999998865e+03,2.445195004674042139e+01
8.957329200000000128e+03,2.467956844371977354e+01
8.988110399999999572e+03,2.521363179396306720e+01
9.018891599999999016e+03,2.531930655437379585e+01
9.049672800000000279e+03,2.517476137799710756e+01
9.080453999999999724e+03,2.487172004307622331e+01
9.111235199999999168e+03,2.473200078607114349e+01
9.142016399999998612e+03,2.433501511593337696e+01
9.172797599999999875e+03,2.441687437868256794e+01
9.203578799999999319e+03,2.395341611739218735e+01
9.234359999999998763e+03,2.447980176643619643e+01
9.265141200000000026e+03,2.464550142563852120e+01
9.295922399999999470e+03,2.462999128253151682e+01
9.326703599999998914e+03,2.502297024021882166e+01
9.357484800000000178e+03,2.434757973731570502e+01
9.388265999999999622e+03,2.420461644846200144e+01
9.419047199999999066e+03,2.400541289352340257e+01
9.449828400000000329e+03,2.387773286812912943e+01
9.480609599999999773e+03,2.373688538456533692e+01
9.511390799999999217e+03,2.368442333112395914e+01
9.542171999999998661e+03,2.397725717493766950e+01
9.572953199999999924e+03,2.416455607331186428e+01
9.603734399999999368e+03,2.472426501976480750e+01
9.634515599999998813e+03,2.537503983850156075e+01
9.665296800000000076e+03,2.435661326126401960e+01
9.696077999999999520e+03,2.368106617699031347e+01
9.726859199999998964e+03,2.340930010829152508e+01
9.757640400000000227e+03,2.375327377612390833e+01
9.788421599999999671e+03,2.438664716041463620e+01
9.819202799999999115e+03,2.422882115003548975e+01
9.849984000000000378e+03,2.440316268596655291e+01
9.880765199999999822e+03,2.491881309334395311e+01
9.911546399999999267e+03,2.559272736643987400e+01
9.942327599999998711e+03,2.678654048424369449e+01
9.973108799999999974e+03,2.688732011874571626e+01
1.000388999999999942e+04,2.671137094946682211e+01
1.003467119999999886e+04,2.688199000474250511e+01
1.006545240000000013e+04,2.637249065371432266e+01
1.009623359999999957e+04,2.625518567606681231e+01
1.012701479999999901e+04,2.637100256574932189e+01
1.015779600000000028e+04,2.643582118121045710e+01
1.018857719999999972e+04,2.674318458127275022e+01
1.021935839999999916e+04,2.682152193246078653e+01
1.025013959999999861e+04,2.711214830219451954e+01
1.028092079999999987e+04,2.670334486640091143e+01
1.031170199999999932e+04,2.706164491708684139e+01
1.034248319999999876e+04,2.703725984602763788e+01
1.037326440000000002e+04,2.681044841429659442e+01
1.040404559999999947e+04,2.644516835809224276e+01
1.043482679999999891e+04,2.607455765898961886e+01
1.046560800000000017e+04,2.527652381561120976e+01
1.049638919999999962e+04,2.515059299873680843e+01
1.052717039999999906e+04,2.520973463142790649e+01
1.055795160000000033e+04,2.579928007206906670e+01
1.058873279999999977e+04,2.526688349633217001e+01
1.061951399999999921e+04,2.456091970416755288e+01
1.065029519999999866e+04,2.473514620435949141e+01
1.068107639999999992e+04,2.471031098642612278e+01
1.071185759999999937e+04,2.488932176322730072e+01
1.074263879999999881e+04,2.470915309587368114e+01
1.077342000000000007e+04,2.453542311426165767e+01
1.080420119999999952e+04,2.420021993996161314e+01
1.083498239999999896e+04,2.384951796611649044e+01
1.086576360000000022e+04,2.382764915260060334e+01
1.089654479999999967e+04,2.399457106038305909e+01
1.092732599999999911e+04,2.406492381096270350e+01
1.095810719999999856e+04,2.348065132689348289e+01
1.098888839999999982e+04,2.285259008666158209e+01
1.101966959999999926e+04,2.321790622174868801e+01
1.105045079999999871e+04,2.331766489748211413e+01
1.108123199999999997e+04,2.342078666988022562e+01
1.111201319999999942e+04,2.307521055174221303e+01
1.114279439999999886e+04,2.313438643967731423e+01
1.117357560000000012e+04,2.343878797733133013e+01
1.120435679999999957e+04,2.301068828083321449e+01
1.123513799999999901e+04,2.274642191387786383e+01
1.126591920000000027e+04,2.255365740685625298e+01
1.129670039999999972e+04,2.235335170707153551e+01
1.132748159999999916e+04,2.247336869852800945e+01
1.135826279999999861e+04,2.265710740698175485e+01
1.138904399999999987e+04,2.246531338072926687e+01
1.141982519999999931e+04,2.210751944254540646e+01
1.145060639999999876e+04,2.148667643683622330e+01
1.148138760000000002e+04,2.142113825290651974e+01
1.151216879999999946e+04,2.142481840338997756e+01
1.154294999999999891e+04,2.099819931835520848e+01
1.157373120000000017e+04,2.072945651332487316e+01
1.160451239999999962e+04,2.103982127629040733e+01
1.163529359999999906e+04,2.114623027127526456e+01
1.166607479999999850e+04,2.111470461256721975e+01
1.169685599999999977e+04,2.084298657598738913e+01
1.172763719999999921e+04,2.054690760102117153e+01
1.175841839999999866e+04,2.053470276876282696e+01
1.178919959999999992e+04,2.028291733734770830e+01
1.181998079999999936e+04,2.054847117125488865e+01
1.185076199999999881e+04,2.051353687057597242e+01
1.188154320000000007e+04,2.035047183044739683e+01
1.191232439999999951e+04,2.027340740018640020e+01
1.194310559999999896e+04,2.034587805287673845e+01
1.197388680000000022e+04,2.057049543510722600e+01
1.200466799999999967e+04,2.102315465889522272e+01
1.203544919999999911e+04,2.103095264854789193e+01
1.206623039999999855e+04,2.118024187302388128e+01
1.209701159999999982e+04,2.186108372605561101e+01
1.212779279999999926e+04,2.225951144128644188e+01
1.215857399999999870e+04,2.268108816842419628e+01
1.218935519999999997e+04,2.226581682764460268e+01
1.222013639999999941e+04,2.203806180292865946e+01
1.225091759999999886e+04,2.233411666327332412e+01
1.228169880000000012e+04,2.196805428464568877e+01
1.231247999999999956e+04,2.245560801230100978e+01
1.234326119999999901e+04,2.253370086790453897e+01
1.237404239999999845e+04,2.292431329821755170e+01
1.240482359999999971e+04,2.312855450393427503e+01
1.243560479999999916e+04,2.345100209437723748e+01
1.246638599999999860e+04,2.365541196961799386e+01
1.249716719999999987e+04,2.384022064354272885e+01
1.252794839999999931e+04,2.392905271263607858e+01
1.255872959999999875e+04,2.355698741177400990e+01
1.258951080000000002e+04,2.321361035280728657e+01
1.262029199999999946e+04,2.375718300715045217e+01
1.265107319999999891e+04,2.337440706499870657e+01
1.268185440000000017e+04,2.294049937446527210e+01
1.271263559999999961e+04,2.247148558925805162e+01
1.274341679999999906e+04,2.252014564290706744e+01
1.277419799999999850e+04,2.329904969881862442e+01
1.280497919999999976e+04,2.398218509646898156e+01
1.283576039999999921e+04,2.448773516990605259e+01
1.286654159999999865e+04,2.387195367714753402e+01
1.289732279999999992e+04,2.337933135302133891e+01
1.292810399999999936e+04,2.303611537705718604e+01
1.295888519999999880e+04,2.282142937074792144e+01
1.298966640000000007e+04,2.289939349412135527e+01
1.302044759999999951e+04,2.231796701312742215e+01
1.305122879999999896e+04,2.218558056237191778e+01
1.308200999999999840e+04,2.231062264848961618e+01
1.311279119999999966e+04,2.234632007302541012e+01
1.314357239999999911e+04,2.281287440136738098e+01
1.317435359999999855e+04,2.267572062875849070e+01
1.320513479999999981e+04,2.271863561587702662e+01
1.323591599999999926e+04,2.313866037956507782e+01
1.326669719999999870e+04,2.404611852490542034e+01
1.329747839999999997e+04,2.439160228819473630e+01
1.332825959999999941e+04,2.429897829919311647e+01
1.335904079999999885e+04,2.391488465558102661e+01
1.338982200000000012e+04,2.352314585941138247e+01
1.342060319999999956e+04,2.327254411281462154e+01
1.345138439999999900e+04,2.314859947826474951e+01
1.348216559999999845e+04,2.350619552758606190e+01
1.351294679999999971e+04,2.408058980980755592e+01
1.354372799999999916e+04,2.428070767657269613e+01
1.357450919999999860e+04,2.443547334549806749e+01
1.360529039999999986e+04,2.463636547685776179e+01
1.363607159999999931e+04,2.419948983865376135e+01
1.366685279999999875e+04,2.379606850012907060e+01
1.369763400000000001e+04,2.391831688765429931e+01
1.372841519999999946e+04,2.387748571356395644e+01
1.375919639999999890e+04,2.390643735847084272e+01
1.378997759999999835e+04,2.373096611116525523e+01
1.382075879999999961e+04,2.397817509946990455e+01
1.385153999999999905e+04,2.371671054858068217e+01
1.388232119999999850e+04,2.357805374563925938e+01
1.391310239999999976e+04,2.327099967878568165e+01
1.394388359999999921e+04,2.312794182101514195e+01
1.397466479999999865e+04,2.306585161501405423e+01
1.400544599999999991e+04,2.283683104949060905e+01
1.403622719999999936e+04,2.295656622360425203e+01
1.406700839999999880e+04,2.216840567168427611e+01
1.409778960000000006e+04,2.171872591112039075e+01
1.412857079999999951e+04,2.144848823619258127e+01
1.415935199999999895e+04,2.131506051240730315e+01
1.419013319999999840e+04,2.159232923711823204e+01
1.422091439999999966e+04,2.162408040948130861e+01
1.425169559999999910e+04,2.169174360669885715e+01
1.428247679999999855e+04,2.149588734501628906e+01
1.431325799999999981e+04,2.175782021080416939e+01
1.434403919999999925e+04,2.188086715963570228e+01
1.437482039999999870e+04,2.218558829649382602e+01
1.440560159999999996e+04,2.225967991351921071e+01
1.443638279999999941e+04,2.187184478688606504e+01
1.446716399999999885e+04,2.213064374556884673e+01
1.449794520000000011e+04,2.234647281310899913e+01
1.452872639999999956e+04,2.232752963487358144e+01
1.455950759999999900e+04,2.236544821594378973e+01
1.459028879999999845e+04,2.241262778150877111e+01
1.462106999999999971e+04,2.228953824524046112e+01
1.465185119999999915e+04,2.233731946278714986e+01
1.468263239999999860e+04,2.216340822582166581e+01
1.471341359999999986e+04,2.190284754100664699e+01
1.474419479999999930e+04,2.198916353163356163e+01
1.477497599999999875e+04,2.172354994794684302e+01
1.480575720000000001e+04,2.180730124903491784e+01
1.483653839999999946e+04,2.187106324866267215e+01
1.486731959999999890e+04,2.187745256608542022e+01
1.489810079999999834e+04,2.187740181942538698e+01
1.492888199999999961e+04,2.211821526654090775e+01
1.495966319999999905e+04,2.171264994772652912e+01
1.499044439999999850e+04,2.171748900583516217e+01
1.502122559999999976e+04,2.154325429814334925e+01
1.505200679999999920e+04,2.188843867298482948e+01
1.508278799999999865e+04,2.181395047677043308e+01
1.511356919999999991e+04,2.181821309573699708e+01
1.514435039999999935e+04,2.171029673485127276e+01
1.517513159999999880e+04,2.197184037663756939e+01
1.520591280000000006e+04,2.207609072601218614e+01
1.523669399999999951e+04,2.220614373133966524e+01
1.526747519999999895e+04,2.205635119751762474e+01
1.529825639999999839e+04,2.176270090906665189e+01
1.532903759999999966e+04,2.131903888908813371e+01
1.535981879999999910e+04,2.124216790912765163e+01
1.539059999999999854e+04,2.172700231554797767e+01
1.542138119999999981e+04,2.207916874972346477e+01
1.545216239999999925e+04,2.232619864278257538e+01
1.548294359999999870e+04,2.213685573480848134e+01
1.551372479999999996e+04,2.230855436252949886e+01
1.554450599999999940e+04,2.276323661839059653e+01
1.557528719999999885e+04,2.296388728571820792e+01
1.560606839999999829e+04,2.319321751154729938e+01
1.563684959999999955e+04,2.325483257586910568e+01
1.566763079999999900e+04,2.337302686732643764e+01
1.569841199999999844e+04,2.282728790263381669e+01
1.572919319999999971e+04,2.331246559447149735e+01
1.575997439999999915e+04,2.346150043097570048e+01
1.579075559999999859e+04,2.351193209146353524e+01
1.582153679999999986e+04,2.381868466205647650e+01
1.585231799999999930e+04,2.358643075729839111e+01
1.588309919999999875e+04,2.299727640571401110e+01
1.591388040000000001e+04,2.325195047080021382e+01
1.594466159999999945e+04,2.250530785904947351e+01
1.597544279999999890e+04,2.219849480717660839e+01
1.600622399999999834e+04,2.203294371190277801e+01
1.603700519999999960e+04,2.255265330576003180e+01
1.606778639999999905e+04,2.236718386689221916e+01
1.609856759999999849e+04,2.285354349174198774e+01
1.612934879999999976e+04,2.332275361303774730e+01
1.616012999999999920e+04,2.351180841006360822e+01
1.619091119999999864e+04,2.341421957225217199e+01
1.622169239999999991e+04,2.374772093076121848e+01
1.625247359999999935e+04,2.323604870337641870e+01
1.628325479999999880e+04,2.240388084904137855e+01
1.631403599999999824e+04,2.272725038536936637e+01
1.634481719999999950e+04,2.297189926325537712e+01
1.637559839999999895e+04,2.280481955092173507e+01
1.640637960000000021e+04,2.310697664773397619e+01
1.643716079999999783e+04,2.333858107208341437e+01
1.646794199999999910e+04,2.358690277563360382e+01
1.649872320000000036e+04,2.350316520526082087e+01
1.652950439999999799e+04,2.286336785579203834e+01
1.656028559999999925e+04,2.204018843453684440e+01
1.659106680000000051e+04,2.188939921370422326e+01
1.662184799999999814e+04,2.240522189382300766e+01
1.665262919999999940e+04,2.276025613525115077e+01
1.668341040000000066e+04,2.304438832278773575e+01
1.671419159999999829e+04,2.324084230582872124e+01
1.674497279999999955e+04,2.341801059344684077e+01
1.677575400000000081e+04,2.366002108835072804e+01
1.680653519999999844e+04,2.421080583682861587e+01
1.683731639999999970e+04,2.409635985367139810e+01
1.686809759999999733e+04,2.235431988026443406e+01
1.689887879999999859e+04,2.137899148667427696e+01
1.692965999999999985e+04,2.144272878886519607e+01
1.696044119999999748e+04,2.130018224807746208e+01
1.699122239999999874e+04,2.147647401267596834e+01
1.702200360000000001e+04,2.123140121200137997e+01
1.705278479999999763e+04,2.144617962849092763e+01
1.708356599999999889e+04,2.191572860680622625e+01
1.711434720000000016e+04,2.195934536400092085e+01
1.714512839999999778e+04,2.153895543368269827e+01
1.717590959999999905e+04,2.131890229437370365e+01
1.720669080000000031e+04,2.109500585009481100e+01
1.723747199999999793e+04,2.120303469729547885e+01
1.726825319999999920e+04,2.090753247289310224e+01
1.729903440000000046e+04,2.081852449328926724e+01
1.732981559999999808e+04,2.043909272043327974e+01
1.736059679999999935e+04,2.046904598948782095e+01
1.739137800000000061e+04,2.081500232821765906e+01
1.742215919999999824e+04,2.115461942006048446e+01
1.745294039999999950e+04,2.133740354222400271e+01
1.748372160000000076e+04,2.200583014792573877e+01
1.751450279999999839e+04,2.203382092276171633e+01
1.754528399999999965e+04,2.219726882026381531e+01
1.757606519999999728e+04,2.254421523623184598e+01
1.760684639999999854e+04,2.280773980087803920e+01
1.763762759999999980e+04,2.322447128354143331e+01
1.766840879999999743e+04,2.303878303951651674e+01
1.769918999999999869e+04,2.284996992693221785e+01
1.772997119999999995e+04,2.280855391804432486e+01
1.776075239999999758e+04,2.274534868982802749e+01
1.779153359999999884e+04,2.255125647594690008e+01
1.782231480000000010e+04,2.248322660534684303e+01
1.785309599999999773e+04,2.262861578647894589e+01
1.788387719999999899e+04,2.238713691465794042e+01
1.791465840000000026e+04,2.258370170687172518e+01
1.794543959999999788e+04,2.238219236914117261e+01
1.797622079999999914e+04,2.170705056814439260e+01
1.800700200000000041e+04,2.132104786879261837e+01
1.803778319999999803e+04,2.116988153597853994e+01
1.806856439999999930e+04,2.115462845810257875e+01
1.809934560000000056e+04,2.126015875383188103e+01
1.813012679999999818e+04,2.143631522296196579e+01
1.816090799999999945e+04,2.171022908994281764e+01
1.819168920000000071e+04,2.207245283398739133e+01
1.822247039999999834e+04,2.191706406252350092e+01
1.825325159999999960e+04,2.173542633338048091e+01
1.828403279999999722e+04,2.210147144839502431e+01
1.831481399999999849e+04,2.240089523926363313e+01
1.834559519999999975e+04,2.252859955854264129e+01
1.837637639999999737e+04,2.236247189724586093e+01
1.840715759999999864e+04,2.231843228665357159e+01
1.843793879999999990e+04,2.205682001126785963e+01
1.846871999999999753e+04,2.194030407109607950e+01
1.849950119999999879e+04,2.139921909780254694e+01
1.853028240000000005e+04,2.164521861742326792e+01
1.856106359999999768e+04,2.212236215570115050e+01
1.859184479999999894e+04,2.178114116876027140e+01
1.862262600000000020e+04,2.130005557580466302e+01
1.865340719999999783e+04,2.133216512458781366e+01
1.868418839999999909e+04,2.143491109011505458e+01
1.871496960000000036e+04,2.141131937008586306e+01
1.874575079999999798e+04,2.137505055328036718e+01
1.877653199999999924e+04,2.130847018403075666e+01
1.880731320000000051e+04,2.148928576514206767e+01
1.883809439999999813e+04,2.123754757881328104e+01
1.886887559999999939e+04,2.079172413388319285e+01
1.889965680000000066e+04,2.047667615683220887e+01
1.893043799999999828e+04,2.045935637532806339e+01
1.896121919999999955e+04,2.043582622953930183e+01
1.899200039999999717e+04,2.046445617140875584e+01
1.902278159999999843e+04,2.049556499555585631e+01
1.905356279999999970e+04,2.047313395111016021e+01
1.908434399999999732e+04,2.073246344526618046e+01
1.911512519999999859e+04,2.061157382966846896e+01
1.914590639999999985e+04,2.056400432005438716e+01
1.917668759999999747e+04,2.056697573295906523e+01
1.920746879999999874e+04,2.033557782508568579e+01
1.923825000000000000e+04,2.035366892318779009e+01
1.926903119999999763e+04,2.059404323392480052e+01
1.929981239999999889e+04,2.094824056195551520e+01
1.933059360000000015e+04,2.082047955253354488e+01
1.936137479999999778e+04,2.078479117008398092e+01
1.939215599999999904e+04,2.082971751339941946e+01
1.942293720000000030e+04,2.084574680375255795e+01
1.945371839999999793e+04,2.132075803564333327e+01
1.948449959999999919e+04,2.091374505668711947e+01
1.951528080000000045e+04,2.046842603634477697e+01
1.954606199999999808e+04,2.042901858835698192e+01
1.957684319999999934e+04,2.007211695785495564e+01
1.960762440000000061e+04,1.966503969850656475e+01
1.963840559999999823e+04,2.007722531983716863e+01
1.966918679999999949e+04,2.046051465190552676e+01
1.969996800000000076e+04,2.063828007958635880e+01
1.973074919999999838e+04,2.075430639713960090e+01
1.976153039999999964e+04,2.069065226135209556e+01
1.979231159999999727e+04,2.089761310655462268e+01
1.982309279999999853e+04,2.099119178212865933e+01
1.985387399999999980e+04,2.105459739218713366e+01
1.988465519999999742e+04,2.092377904302098912e+01
1.991543639999999868e+04,2.123007919083672945e+01
1.994621759999999995e+04,2.108845821510387708e+01
1.997699879999999757e+04,2.116298262712495060e+01
2.000777999999999884e+04,2.127012866378155920e+01
2.003856120000000010e+04,2.182152647508093679e+01
2.006934239999999772e+04,2.204458093442226030e+01
2.010012359999999899e+04,2.218491375482515693e+01
2.013090480000000025e+04,2.252596456420500104e+01
2.016168599999999788e+04,2.295723022510157918e+01
2.019246719999999914e+04,2.329159427403943639e+01
2.022324840000000040e+04,2.355518679020658368e+01
2.025402959999999803e+04,2.338581419572736309e+01
2.028481079999999929e+04,2.381880662294462070e+01
2.031559200000000055e+04,2.380991638400112720e+01
2.034637319999999818e+04,2.369172183620761629e+01
2.037715439999999944e+04,2.377389308567131465e+01
2.040793560000000070e+04,2.346191425289995891e+01
2.043871679999999833e+04,2.387437213940874869e+01
2.046949799999999959e+04,2.413743635593188230e+01
2.050027919999999722e+04,2.401079214160523634e+01
2.053106039999999848e+04,2.425643753738193453e+01
2.056184159999999974e+04,2.370856902672268518e+01
2.059262279999999737e+04,2.392099446227276260e+01
2.062340399999999863e+04,2.437764619564648783e+01
2.065418519999999990e+04,2.500768975054731058e+01
2.068496639999999752e+04,2.608558721253735513e+01
2.071574759999999878e+04,2.559653928914594090e+01
2.074652880000000005e+04,2.366639332216531599e+01
2.077730999999999767e+04,2.269214307701019706e+01
2.080809119999999893e+04,2.220675671623725833e+01
2.083887240000000020e+04,2.197108415419291561e+01
2.086965359999999782e+04,2.221979896635938445e+01
2.090043479999999909e+04,2.220217135351155235e+01
2.093121600000000035e+04,2.228849915683397143e+01
2.096199719999999797e+04,2.252833914558592454e+01
2.099277839999999924e+04,2.268755586340185104e+01
2.102355960000000050e+04,2.278109410371667209e+01
2.105434079999999813e+04,2.304147410138226348e+01
2.108512199999999939e+04,2.358012639405219701e+01
2.111590320000000065e+04,2.355824987431107331e+01
2.114668439999999828e+04,2.325541258497322161e+01
2.117746559999999954e+04,2.317475601446490074e+01
2.120824679999999717e+04,2.310604279762167934e+01
2.123902799999999843e+04,2.343479066303827807e+01
2.126980919999999969e+04,2.318254086977848516e+01
2.130059039999999732e+04,2.277873063001792531e+01
2.133137159999999858e+04,2.259409310144758010e+01
2.136215279999999984e+04,2.167789170324614290e+01
2.139293399999999747e+04,2.109428565776385511e+01
2.142371519999999873e+04,2.032125442451529906e+01
2.145449639999999999e+04,1.975050657295372503e+01
2.148527759999999762e+04,1.962060480696782605e+01
2.151605879999999888e+04,1.948955283979169550e+01
2.154684000000000015e+04,1.910491363484070249e+01
2.157762119999999777e+04,1.898074200246038501e+01
2.160840239999999903e+04,1.899211357161943070e+01
2.163918360000000030e+04,1.914870801628997299e+01
2.166996479999999792e+04,1.939015021995693644e+01
2.170074599999999919e+04,1.913667004702729812e+01
2.173152720000000045e+04,1.932655225761291717e+01
2.176230839999999807e+04,1.893710605667186542e+01
2.179308959999999934e+04,1.902368505018748124e+01
2.182387080000000060e+04,1.875962588654784113e+01
2.185465199999999822e+04,1.882295356690544352e+01
2.188543319999999949e+04,1.917965784923306316e+01
2.191621439999999711e+04,1.913909390766406560e+01
2.194699559999999838e+04,1.953167071154748768e+01
2.197777679999999964e+04,1.956299288511799261e+01
2.200855799999999726e+04,1.934434717021886385e+01
2.203933919999999853e+04,1.902850931585078698e+01
2.207012039999999979e+04,1.858868949391489167e+01
2.210090159999999742e+04,1.846766900521540933e+01
2.213168279999999868e+04,1.837969731851279676e+01
2.216246399999999994e+04,1.859493208112494500e+01
2.219324519999999757e+04,1.916663628631757987e+01
2.222402639999999883e+04,1.913109234313784413e+01
2.225480760000000009e+04,1.861665714351227408e+01
2.228558879999999772e+04,1.881364997043612419e+01
2.231636999999999898e+04,1.850965678526840463e+01
2.234715120000000024e+04,1.844441354141659062e+01
2.237793239999999787e+04,1.816996764470614778e+01
2.240871359999999913e+04,1.777415539412555034e+01
2.243949480000000040e+04,1.769005818022405663e+01
2.247027599999999802e+04,1.801686912577877564e+01
2.250105719999999928e+04,1.792668342004744630e+01
2.253183840000000055e+04,1.763797217029938125e+01
2.256261959999999817e+04,1.780152934204301118e+01
2.259340079999999944e+04,1.802099244135738942e+01
2.262418199999999706e+04,1.802331361286065103e+01
2.265496319999999832e+04,1.788433175608222570e+01
2.268574439999999959e+04,1.842696799318713019e+01
2.271652559999999721e+04,1.893420460765649338e+01
2.274730679999999847e+04,1.826236581998212927e+01
2.277808799999999974e+04,1.770114672564713132e+01
2.280886919999999736e+04,1.757008797388204613e+01
2.283965039999999863e+04,1.729216702314689869e+01
2.287043159999999989e+04,1.745158423570239847e+01
2.290121279999999751e+04,1.773836236312591197e+01
2.293199399999999878e+04,1.766237082318579255e+01
2.296277520000000004e+04,1.787841423213291847e+01
2.299355639999999767e+04,1.770090414557080294e+01
2.302433759999999893e+04,1.775957570626911064e+01
2.305511880000000019e+04,1.796262155868491206e+01
2.308589999999999782e+04,1.766602056641334073e+01
2.311668119999999908e+04,1.745156887802041368e+01
2.314746240000000034e+04,1.778632994640884490e+01
2.317824359999999797e+04,1.850541047948479090e+01
2.320902479999999923e+04,1.923200396434957682e+01
2.323980600000000049e+04,1.978766936241114038e+01
2.327058719999999812e+04,1.964799457528335935e+01
2.330136839999999938e+04,1.930100539337816912e+01
2.333214959999999701e+04,1.909709745950205217e+01
2.336293079999999827e+04,1.914069955991004690e+01
2.339371199999999953e+04,1.930848775966072850e+01
2.342449319999999716e+04,1.943127415117951173e+01
2.345527439999999842e+04,1.944594381050195508e+01
2.348605559999999969e+04,1.943429883392787616e+01
2.351683679999999731e+04,1.903030910472617876e+01
2.354761799999999857e+04,1.900949128066687521e+01
2.357839919999999984e+04,1.907325532179224581e+01
2.360918039999999746e+04,1.903308195222552257e+01
2.363996159999999873e+04,1.865101475090811434e+01
2.367074279999999999e+04,1.838184299744533590e+01
2.370152399999999761e+04,1.862075824500046295e+01
2.373230519999999888e+04,1.873068171366982781e+01
2.376308640000000014e+04,1.899376100129077827e+01
2.379386759999999776e+04,1.948128909300563549e+01
2.382464879999999903e+04,1.937107048689149025e+01
2.385543000000000029e+04,1.900802620980017821e+01
2.388621119999999792e+04,1.930693333672797962e+01
2.391699239999999918e+04,1.920672400922475731e+01
2.394777360000000044e+04,1.901974444400351771e+01
2.397855479999999807e+04,1.883119108346744142e+01
2.400933599999999933e+04,1.864292568414763096e+01
2.404011719999999696e+04,1.914608933510552191e+01
2.407089839999999822e+04,1.956964649530305422e+01
2.410167959999999948e+04,1.982540975508505099e+01
2.413246079999999711e+04,1.971411145424058020e+01
2.416324199999999837e+04,1.917105217470922440e+01
2.419402319999999963e+04,1.889701460444933900e+01
2.422480439999999726e+04,1.885028814288610022e+01
2.425558559999999852e+04,1.900693787726878270e+01
2.428636679999999978e+04,1.947188013058396194e+01
2.431714799999999741e+04,1.992050335018442198e+01
2.434792919999999867e+04,1.983700905435812345e+01
2.437871039999999994e+04,1.949748613517626339e+01
2.440949159999999756e+04,1.997680400470414597e+01
2.444027279999999882e+04,1.937714588334892341e+01
2.447105400000000009e+04,1.817451961095288837e+01
2.450183519999999771e+04,1.763289928656764260e+01
2.453261639999999898e+04,1.757201364670963883e+01
2.456339760000000024e+04,1.771850870834178693e+01
2.459417879999999786e+04,1.798924167590233480e+01
2.462495999999999913e+04,1.815713629308172372e+01
2.465574120000000039e+04,1.795642307145708827e+01
2.468652239999999802e+04,1.825794031564313968e+01
2.471730359999999928e+04,1.839907091721646637e+01
2.474808479999999690e+04,1.851042022696218936e+01
2.477886599999999817e+04,1.831888555594653312e+01
2.480964719999999943e+04,1.870778479283862339e+01
2.484042839999999705e+04,1.851519127914263052e+01
2.487120959999999832e+04,1.838883130114204789e+01
2.490199079999999958e+04,1.804628071994536853e+01
2.493277199999999721e+04,1.761024588774398225e+01
2.496355319999999847e+04,1.744868930667035656e+01
2.499433439999999973e+04,1.755251761154894652e+01
2.502511559999999736e+04,1.761576382230000348e+01
2.505589679999999862e+04,1.764704490225225442e+01
2.508667799999999988e+04,1.793595120611060523e+01
2.511745919999999751e+04,1.809977999194273934e+01
2.514824039999999877e+04,1.847346720806960718e+01
2.517902160000000003e+04,1.877188027062227960e+01
2.520980279999999766e+04,1.891463211019547686e+01
2.524058399999999892e+04,1.884924521289586608e+01
2.527136520000000019e+04,1.861403596998182763e+01
2.530214639999999781e+04,1.841282513298736490e+01
2.533292759999999907e+04,1.830437309305819582e+01
2.536370880000000034e+04,1.814329919734070984e+01
2.539448999999999796e+04,1.802237997169477168e+01
2.542527119999999923e+04,1.768947583628401077e+01
2.545605239999999685e+04,1.727471082458145091e+01
2.548683359999999811e+04,1.716397861480162845e+01
2.551761479999999938e+04,1.735627478644482835e+01
2.554839599999999700e+04,1.762954268999687812e+01
2.557917719999999827e+04,1.794407975147298373e+01
2.560995839999999953e+04,1.845781866508671243e+01
2.564073959999999715e+04,1.890517327367027534e+01
2.567152079999999842e+04,1.948541848158867396e+01
2.570230199999999968e+04,1.966031402661439031e+01
2.573308319999999730e+04,1.962188817489757042e+01
2.576386439999999857e+04,1.968407719532673994e+01
2.579464559999999983e+04,1.968914721270595436e+01
2.582542679999999746e+04,1.968067182298388573e+01
2.585620799999999872e+04,1.962040391024158481e+01
2.588698919999999998e+04,1.939875826814935067e+01
2.591777039999999761e+04,1.925056076977512021e+01
2.594855159999999887e+04,1.935626258865123717e+01
2.597933280000000013e+04,1.993681829399652017e+01
2.601011399999999776e+04,1.995949661531495423e+01
2.604089519999999902e+04,1.971170017902152338e+01
2.607167640000000029e+04,1.972683845307521366e+01
2.610245759999999791e+04,2.002566728264814699e+01
2.613323879999999917e+04,1.972008201520701931e+01
2.616401999999999680e+04,1.958314139979308877e+01
2.619480119999999806e+04,1.939889817366778146e+01
2.622558239999999932e+04,1.966478312053872912e+01
2.625636359999999695e+04,1.966490876034896473e+01
2.628714479999999821e+04,1.973834451012982782e+01
2.631792599999999948e+04,1.933253485359812984e+01
2.634870719999999710e+04,1.899999135781086679e+01
2.637948839999999836e+04,1.846996777996003658e+01
2.641026959999999963e+04,1.830147911480137779e+01
2.644105079999999725e+04,1.834016057224415519e+01
2.647183199999999852e+04,1.851069020210539051e+01
2.650261319999999978e+04,1.850087222115951491e+01
2.653339439999999740e+04,1.872937912853787168e+01
2.656417559999999867e+04,1.872064065596970295e+01
2.659495679999999993e+04,1.890373298889037201e+01
2.662573799999999756e+04,1.894602599469607540e+01
2.665651919999999882e+04,1.891992907950438507e+01
2.668730040000000008e+04,1.887701063721794270e+01
2.671808159999999771e+04,1.900144778459278072e+01
2.674886279999999897e+04,1.931907872395033365e+01
2.677964400000000023e+04,1.925083871865396645e+01
2.681042519999999786e+04,1.881807367756932692e+01
2.684120639999999912e+04,1.857383785083794336e+01
2.687198759999999675e+04,1.894374627786576681e+01
2.690276879999999801e+04,1.915701621886843142e+01
2.693354999999999927e+04,1.920121396875057940e+01
2.696433119999999690e+04,1.874985151413916284e+01
2.699511239999999816e+04,1.876304142239546735e+01
2.702589359999999942e+04,1.908424644161902251e+01
2.705667479999999705e+04,1.910470979175049422e+01
2.708745599999999831e+04,1.973057460555302001e+01
2.711823719999999958e+04,2.016670803026392278e+01
2.714901839999999720e+04,2.081165750409206794e+01
2.717979959999999846e+04,1.997231306274234441e+01
2.721058079999999973e+04,1.916415535599885800e+01
2.724136199999999735e+04,1.884095475370470751e+01
2.727214319999999861e+04,1.852742309537635634e+01
2.730292439999999988e+04,1.816336873377700201e+01
2.733370559999999750e+04,1.768673950934918793e+01
2.736448679999999877e+04,1.791379442602938710e+01
2.739526800000000003e+04,1.804447230336515773e+01
2.742604919999999765e+04,1.812904225544913217e+01
2.745683039999999892e+04,1.818507684446500150e+01
2.748761160000000018e+04,1.808691924434707943e+01
2.751839279999999781e+04,1.807002637108596943e+01
2.754917399999999907e+04,1.817933277581449758e+01
2.757995519999999669e+04,1.824826107484767945e+01
2.761073639999999796e+04,1.791348340004816464e+01
2.764151759999999922e+04,1.780213567069010949e+01
2.767229879999999685e+04,1.767037401295633003e+01
2.770307999999999811e+04,1.747679450952852420e+01
2.773386119999999937e+04,1.763465648546433684e+01
2.776464239999999700e+04,1.822951565641210792e+01
2.779542359999999826e+04,1.807860300911726270e+01
2.782620479999999952e+04,1.800241456611508539e+01
2.785698599999999715e+04,1.808381721432051847e+01
2.788776719999999841e+04,1.854067764009628760e+01
2.791854839999999967e+04,1.899803895421921140e+01
2.794932959999999730e+04,1.889482150971858943e+01
2.798011079999999856e+04,1.874440628455655045e+01
2.801089199999999983e+04,1.891147310342006804e+01
2.804167319999999745e+04,1.868307525025515048e+01
2.807245439999999871e+04,1.839703423252868575e+01
2.810323559999999998e+04,1.898622836900080557e+01
2.813401679999999760e+04,1.921645582923935081e+01
2.816479799999999886e+04,1.955087035261350081e+01
2.819557920000000013e+04,1.902537496102323544e+01
2.822636039999999775e+04,1.819399349901724250e+01
2.825714159999999902e+04,1.780523950859645055e+01
2.828792280000000028e+04,1.761952698514964055e+01
2.831870399999999790e+04,1.702921749203382973e+01
2.834948519999999917e+04,1.692303451940319192e+01
2.838026639999999679e+04,1.732686811603472421e+01
2.841104759999999806e+04,1.724970315674923071e+01
2.844182879999999932e+04,1.725733618356433041e+01
2.847260999999999694e+04,1.748051325963445279e+01
2.850339119999999821e+04,1.765078915240082225e+01
2.853417239999999947e+04,1.751190050607615234e+01
2.856495359999999710e+04,1.769969558984359281e+01
2.859573479999999836e+04,1.841210026446182724e+01
2.862651599999999962e+04,1.836389788838649295e+01
2.865729719999999725e+04,1.849082112062828287e+01
2.868807839999999851e+04,1.820953369470026217e+01
2.871885959999999977e+04,1.821402849161655979e+01
2.874964079999999740e+04,1.838467415980473874e+01
2.878042199999999866e+04,1.848907944587825369e+01
2.881120319999999992e+04,1.844579157765436861e+01
2.884198439999999755e+04,1.910999504317893738e+01
2.887276559999999881e+04,1.961209581706172500e+01
2.890354680000000008e+04,1.931856778329865776e+01
2.893432799999999770e+04,1.960136956067059444e+01
2.896510919999999896e+04,1.941694722716207266e+01
2.899589040000000023e+04,1.917226059779586933e+01
2.902667159999999785e+04,1.932087857369662842e+01
2.905745279999999912e+04,1.866595716947212225e+01
2.908823399999999674e+04,1.809964474467021134e+01
2.911901519999999800e+04,1.756937361977559675e+01
2.914979639999999927e+04,1.738646146090659528e+01
2.918057759999999689e+04,1.748897847007719264e+01
2.921135879999999815e+04,1.761111483333538530e+01
2.924213999999999942e+04,1.786201868775630430e+01
2.927292119999999704e+04,1.852156412038699784e+01
2.930370239999999831e+04,1.887505095534823596e+01
2.933448359999999957e+04,1.926876027879094622e+01
2.936526479999999719e+04,1.928296951142517202e+01
2.939604599999999846e+04,1.909860023822363218e+01
2.942682719999999972e+04,1.848759850723017095e+01
2.945760839999999735e+04,1.769040013393151156e+01
2.948838959999999861e+04,1.715866242908139228e+01
2.951917079999999987e+04,1.766480156532431423e+01
2.954995199999999750e+04,1.800752987326852761e+01
2.958073319999999876e+04,1.818862175315870999e+01
2.961151440000000002e+04,1.817052863730167900e+01
2.964229559999999765e+04,1.743800047854589863e+01
2.967307679999999891e+04,1.668951782499531689e+01
2.970385800000000017e+04,1.606478318802381366e+01
2.973463919999999780e+04,1.571583169744979358e+01
2.976542039999999906e+04,1.546056213204257013e+01
2.979620159999999669e+04,1.564591423690946037e+01
2.982698279999999795e+04,1.598257333836965444e+01
2.985776399999999921e+04,1.621581914367655486e+01
2.988854519999999684e+04,1.630852104056254959e+01
2.991932639999999810e+04,1.626513053274131337e+01
2.995010759999999937e+04,1.646926415164903901e+01
2.998088879999999699e+04,1.650008854530274149e+01
3.001166999999999825e+04,1.686870271692782808e+01
3.004245119999999952e+04,1.719622142038233292e+01
3.007323239999999714e+04,1.746148118526312132e+01
3.010401359999999841e+04,1.716330210021644476e+01
3.013479479999999967e+04,1.686303722813659078e+01
3.016557599999999729e+04,1.699283728194143350e+01
3.019635719999999856e+04,1.690670925683275883e+01
3.022713839999999982e+04,1.669440089804452043e+01
3.025791959999999744e+04,1.642543968952734090e+01
3.028870079999999871e+04,1.661753993146849950e+01
3.031948199999999997e+04,1.701135176120238057e+01
3.035026319999999760e+04,1.731352678845198056e+01
3.038104439999999886e+04,1.786721027437266685e+01
3.041182560000000012e+04,1.820869362263007929e+01
3.044260679999999775e+04,1.775963874486247462e+01
3.047338799999999901e+04,1.779203943996611059e+01
3.050416919999999664e+04,1.762760816986799384e+01
3.053495039999999790e+04,1.757616938145056196e+01
3.056573159999999916e+04,1.728028520695892212e+01
3.059651279999999679e+04,1.757820878247485297e+01
3.062729399999999805e+04,1.777070304854650118e+01
3.065807519999999931e+04,1.855200349652265857e+01
3.068885639999999694e+04,1.936896094988104267e+01
3.071963759999999820e+04,1.910135551424450995e+01
3.075041879999999946e+04,1.893820474864726577e+01
3.078119999999999709e+04,1.924506205271656967e+01
3.081198119999999835e+04,1.937117515853566374e+01
3.084276239999999962e+04,1.911561138116629976e+01
3.087354359999999724e+04,1.866983897144141480e+01
3.090432479999999850e+04,1.841247297910691216e+01
3.093510599999999977e+04,1.868529346457090057e+01
3.096588719999999739e+04,1.913335606474839068e+01
3.099666839999999866e+04,1.888983648762855694e+01
3.102744959999999992e+04,1.823022508452178769e+01
3.105823079999999754e+04,1.805195823832663748e+01
3.108901199999999881e+04,1.803012050066924843e+01
3.111979320000000007e+04,1.770302299482324315e+01
3.115057439999999769e+04,1.745537996784937107e+01
3.118135559999999896e+04,1.710057664274460976e+01
3.121213679999999658e+04,1.713416433489275548e+01
3.124291799999999785e+04,1.719562336277176584e+01
3.127369919999999911e+04,1.724354131729645090e+01
3.130448039999999673e+04,1.660783310895984854e+01
3.133526159999999800e+04,1.606489587687871179e+01
3.136604279999999926e+04,1.626431837023969962e+01
3.139682399999999689e+04,1.685076743341596739e+01
3.142760519999999815e+04,1.731324588630355876e+01
3.145838639999999941e+04,1.719731887833416195e+01
3.148916759999999704e+04,1.739204053800429506e+01
