0.000000000000000000e+00,7.329658271305252271e+00
3.078119999999999834e+01,7.255683325711055787e+00
6.156239999999999668e+01,7.100417223364559938e+00
9.234359999999999502e+01,7.302894099655349969e+00
1.231247999999999934e+02,7.670991240629946972e+00
1.539060000000000059e+02,7.612007830293156196e+00
1.846871999999999900e+02,8.036566020034813462e+00
2.154683999999999742e+02,8.255501869598749209e+00
2.462495999999999867e+02,7.797631136541389729e+00
2.770307999999999993e+02,7.490308334778225330e+00
3.078120000000000118e+02,7.090539301359460644e+00
3.385931999999999675e+02,7.069844039926558743e+00
3.693743999999999801e+02,7.031149469456283718e+00
4.001555999999999926e+02,7.037926249206803320e+00
4.309367999999999483e+02,7.142572710663462665e+00
4.617179999999999609e+02,7.872900444955088339e+00
4.924991999999999734e+02,7.950410834313565545e+00
5.232803999999999860e+02,8.220748935524932577e+00
5.540615999999999985e+02,7.686870960258825214e+00
5.848428000000000111e+02,7.605379841777556216e+00
6.156240000000000236e+02,7.638564239821334922e+00
6.464051999999999225e+02,7.673788758693318890e+00
6.771863999999999351e+02,7.462110823482106525e+00
7.079675999999999476e+02,7.412982057958754645e+00
7.387487999999999602e+02,7.480039731558854044e+00
7.695299999999999727e+02,8.061154077091797987e+00
8.003111999999999853e+02,8.249272504057595157e+00
8.310923999999999978e+02,7.600283975675838910e+00
8.618735999999998967e+02,7.516820745508379531e+00
8.926547999999999092e+02,8.054858232787482919e+00
9.234359999999999218e+02,8.077229497928939850e+00
9.542171999999999343e+02,8.283877976129740972e+00
9.849983999999999469e+02,7.938594695998341777e+00
1.015779599999999959e+03,7.855866059647520494e+00
1.046560799999999972e+03,7.688118482368652806e+00
1.077341999999999871e+03,7.618804712302655879e+00
1.108123199999999997e+03,7.136720649543212502e+00
1.138904399999999896e+03,7.335934724055144684e+00
1.169685600000000022e+03,7.349453304510428886e+00
1.200466799999999921e+03,7.395548212381925168e+00
1.231248000000000047e+03,7.309687518799905526e+00
1.262029199999999946e+03,7.437255507743011584e+00
1.292810399999999845e+03,7.339499347380288086e+00
1.323591599999999971e+03,7.664445415786930837e+00
1.354372799999999870e+03,7.559033035117890265e+00
1.385153999999999996e+03,7.653559020378558841e+00
1.415935199999999895e+03,7.563409339862458225e+00
1.446716400000000021e+03,7.167248111083020845e+00
1.477497599999999920e+03,6.661790782301741487e+00
1.508278799999999819e+03,6.433757002958878424e+00
1.539059999999999945e+03,6.951134923655028608e+00
1.569841199999999844e+03,6.560658703685295023e+00
1.600622399999999971e+03,6.447762766175271665e+00
1.631403599999999869e+03,6.396871144470995141e+00
1.662184799999999996e+03,6.382686502074762736e+00
1.692965999999999894e+03,6.414390928220290000e+00
1.723747199999999793e+03,6.690908695612174384e+00
1.754528399999999920e+03,7.259872257506053472e+00
1.785309599999999818e+03,7.761819393826713487e+00
1.816090799999999945e+03,8.223146309222149952e+00
1.846871999999999844e+03,8.381297780679924259e+00
1.877653199999999970e+03,8.076990660942444222e+00
1.908434399999999869e+03,7.896025845633474205e+00
1.939215599999999995e+03,7.913123427885070171e+00
1.969996799999999894e+03,7.846785047374616795e+00
2.000777999999999793e+03,8.077660268764997653e+00
2.031559199999999919e+03,8.820977600309255706e+00
2.062340400000000045e+03,8.213821571387352805e+00
2.093121599999999944e+03,8.518708493196003317e+00
2.123902799999999843e+03,7.853928584953428604e+00
2.154683999999999742e+03,7.855616972842676127e+00
2.185465200000000095e+03,7.739595318132082902e+00
2.216246399999999994e+03,7.189440390954285220e+00
2.247027599999999893e+03,6.830770720577607591e+00
2.277808799999999792e+03,6.426627712558929062e+00
2.308589999999999691e+03,6.327265656000189864e+00
2.339371200000000044e+03,6.208415313348954356e+00
2.370152399999999943e+03,6.070193912504083578e+00
2.400933599999999842e+03,6.179837554919498821e+00
2.431714799999999741e+03,6.504686276747139395e+00
2.462496000000000095e+03,6.203454632555926551e+00
2.493277199999999993e+03,6.450683501356573757e+00
2.524058399999999892e+03,6.708428462323605679e+00
2.554839599999999791e+03,6.258170808510311822e+00
2.585620799999999690e+03,6.134329676135586773e+00
2.616402000000000044e+03,5.705779118127174421e+00
2.647183199999999943e+03,5.552690881270580192e+00
2.677964399999999841e+03,5.522996173085573446e+00
2.708745599999999740e+03,5.386507596535975217e+00
2.739526799999999639e+03,5.265697542902997519e+00
2.770307999999999993e+03,5.165852910104852924e+00
2.801089199999999892e+03,5.400656824159192126e+00
2.831870399999999790e+03,5.395000205287495021e+00
2.862651599999999689e+03,5.310450835462051877e+00
2.893432800000000043e+03,5.452280730600934433e+00
2.924213999999999942e+03,5.342724940882165541e+00
2.954995199999999841e+03,5.468885044595254818e+00
2.985776399999999740e+03,5.720969513439231768e+00
3.016557599999999638e+03,5.663088474938915873e+00
3.047338799999999992e+03,5.959731483172848954e+00
3.078119999999999891e+03,6.086112391079602446e+00
3.108901199999999790e+03,6.444465879981981615e+00
3.139682399999999689e+03,6.842160113502847807e+00
3.170463600000000042e+03,6.970654713834298022e+00
3.201244799999999941e+03,6.943348230650404851e+00
3.232025999999999840e+03,6.466407338750551403e+00
3.262807199999999739e+03,5.951470348838055813e+00
3.293588399999999638e+03,5.691833849618605612e+00
3.324369599999999991e+03,5.822198209064223029e+00
3.355150799999999890e+03,5.715841392320006875e+00
3.385931999999999789e+03,5.466838935913824749e+00
3.416713199999999688e+03,5.340241306634402996e+00
3.447494399999999587e+03,5.451511835944446105e+00
3.478275599999999940e+03,5.131085945007225924e+00
3.509056799999999839e+03,5.325061757722693301e+00
3.539837999999999738e+03,5.287264070788602055e+00
3.570619199999999637e+03,5.368130271091262173e+00
3.601400399999999991e+03,5.363026450544298385e+00
3.632181599999999889e+03,5.610060263259359914e+00
3.662962799999999788e+03,5.750638891450991608e+00
3.693743999999999687e+03,5.875202530709811022e+00
3.724525199999999586e+03,5.861141859264617615e+00
3.755306399999999940e+03,5.891476627168493074e+00
3.786087599999999838e+03,6.233605862319224755e+00
3.816868799999999737e+03,6.326050007698112765e+00
3.847649999999999636e+03,6.337962405615312100e+00
3.878431199999999990e+03,6.511743096415856691e+00
3.909212399999999889e+03,6.817852518771498893e+00
3.939993599999999788e+03,7.422079902873355728e+00
3.970774799999999686e+03,7.841968009590303268e+00
4.001555999999999585e+03,7.928412952971503280e+00
4.032337199999999939e+03,7.945408055603595976e+00
4.063118399999999838e+03,8.002096264065714948e+00
4.093899599999999737e+03,7.964701325438995561e+00
4.124680800000000090e+03,9.026187862450935739e+00
4.155461999999999534e+03,9.398906159344180722e+00
4.186243199999999888e+03,8.768423287823530643e+00
4.217024399999999332e+03,8.407621324446775901e+00
4.247805599999999686e+03,8.395141931932066370e+00
4.278586800000000039e+03,9.275588617772994482e+00
4.309367999999999483e+03,9.732726879716636859e+00
4.340149199999999837e+03,7.763496149302558713e+00
4.370930400000000191e+03,6.935929752983216900e+00
4.401711599999999635e+03,6.980880393443273491e+00
4.432492799999999988e+03,7.282400248461210701e+00
4.463273999999999432e+03,6.643605315663501543e+00
4.494055199999999786e+03,7.098517285880074468e+00
4.524836400000000140e+03,7.344593124880300472e+00
4.555617599999999584e+03,7.130299858333915886e+00
4.586398799999999937e+03,7.488566273318358668e+00
4.617179999999999382e+03,8.031899550315023006e+00
4.647961199999999735e+03,7.978132881134254006e+00
4.678742400000000089e+03,7.283826931991661979e+00
4.709523599999999533e+03,7.407674072780988439e+00
4.740304799999999886e+03,6.724655524531097939e+00
4.771085999999999331e+03,6.128625140812639316e+00
4.801867199999999684e+03,6.382403525476046724e+00
4.832648400000000038e+03,6.828340845318824570e+00
4.863429599999999482e+03,6.640669584989488783e+00
4.894210799999999836e+03,6.672261311504912307e+00
4.924992000000000189e+03,7.037272952969899187e+00
4.955773199999999633e+03,6.588870267713958562e+00
4.986554399999999987e+03,5.851143215452987434e+00
5.017335599999999431e+03,5.208218082452074960e+00
5.048116799999999785e+03,5.062174196703550066e+00
5.078898000000000138e+03,4.766391333568300581e+00
5.109679199999999582e+03,4.616284801473484301e+00
5.140460399999999936e+03,5.025227930822509848e+00
5.171241599999999380e+03,5.548655077466923657e+00
5.202022799999999734e+03,5.872269263058176314e+00
5.232804000000000087e+03,6.336714658193418614e+00
5.263585199999999531e+03,6.449858010420488341e+00
5.294366399999999885e+03,6.865338382718171317e+00
5.325147599999999329e+03,6.125431150070881792e+00
5.355928799999999683e+03,5.952690578889400008e+00
5.386710000000000036e+03,5.408712067780296451e+00
5.417491199999999480e+03,5.129849141163815851e+00
5.448272399999999834e+03,5.359822830435350127e+00
5.479053599999999278e+03,5.255035870044060253e+00
5.509834799999999632e+03,5.052032142605939136e+00
5.540615999999999985e+03,5.313782706642962594e+00
5.571397199999999430e+03,5.586604288179421118e+00
5.602178399999999783e+03,5.091268251770205033e+00
5.632959600000000137e+03,4.709665172305745884e+00
5.663740799999999581e+03,4.934217081741140376e+00
5.694521999999999935e+03,5.347021641943570991e+00
5.725303199999999379e+03,6.001110671486311610e+00
5.756084399999999732e+03,6.231921317218506395e+00
5.786865600000000086e+03,6.341765285834903842e+00
5.817646799999999530e+03,6.294113716823429350e+00
5.848427999999999884e+03,6.609247257583864332e+00
5.879209199999999328e+03,6.973288433844503587e+00
5.909990399999999681e+03,6.552534633766099681e+00
5.940771600000000035e+03,6.555755886408829447e+00
5.971552799999999479e+03,6.523827860154166380e+00
6.002333999999999833e+03,6.707734024670578776e+00
6.033115199999999277e+03,7.241693800206064680e+00
6.063896399999999630e+03,6.759549193094379405e+00
6.094677599999999984e+03,6.618389475343531281e+00
6.125458799999999428e+03,6.103286607910308526e+00
6.156239999999999782e+03,5.341343341891107599e+00
6.187021199999999226e+03,5.125313373723630939e+00
6.217802399999999579e+03,5.219816791249841437e+00
6.248583599999999933e+03,5.332669511898958881e+00
6.279364799999999377e+03,5.323164066152775931e+00
6.310145999999999731e+03,5.049990854550178376e+00
6.340927200000000084e+03,4.604173213415785781e+00
6.371708399999999529e+03,4.602137189084925417e+00
6.402489599999999882e+03,4.920045913856434971e+00
6.433270799999999326e+03,4.788796182497639720e+00
6.464051999999999680e+03,4.884317343115070820e+00
6.494833200000000033e+03,4.776245518377537636e+00
6.525614399999999478e+03,4.700873081841602463e+00
6.556395599999999831e+03,4.589700444144587443e+00
6.587176799999999275e+03,4.801761179369026245e+00
6.617957999999999629e+03,5.329983540509007689e+00
6.648739199999999983e+03,5.355288630275150119e+00
6.679520399999999427e+03,5.340917172977954763e+00
6.710301599999999780e+03,5.264020476490309797e+00
6.741082799999999224e+03,5.453677720141384633e+00
6.771863999999999578e+03,5.421784138774169648e+00
6.802645199999999932e+03,5.384461521951290131e+00
6.833426399999999376e+03,5.060601830083712116e+00
6.864207599999999729e+03,5.127123011671389285e+00
6.894988799999999173e+03,5.361393011895603244e+00
6.925769999999999527e+03,5.217338984614681152e+00
6.956551199999999881e+03,4.891109362695010176e+00
6.987332399999999325e+03,4.604925032882039027e+00
7.018113599999999678e+03,4.709087048581512391e+00
7.048894800000000032e+03,4.478313094755403512e+00
7.079675999999999476e+03,4.319442267990677209e+00
7.110457199999999830e+03,4.491179846865597902e+00
7.141238399999999274e+03,4.711498690861969152e+00
7.172019599999999627e+03,4.574138628987018507e+00
7.202800799999999981e+03,4.596390401948307058e+00
7.233581999999999425e+03,4.830361143571998639e+00
7.264363199999999779e+03,4.721721935377114931e+00
7.295144399999999223e+03,4.464757468272619434e+00
7.325925599999999577e+03,4.282635604969701859e+00
7.356706799999999930e+03,4.263927480193352437e+00
7.387487999999999374e+03,4.258259699854666458e+00
7.418269199999999728e+03,4.114815780381427146e+00
7.449050399999999172e+03,3.918350962545301464e+00
7.479831599999999526e+03,3.935544464469467485e+00
7.510612799999999879e+03,4.076727896615509827e+00
7.541393999999999323e+03,4.012215058484823516e+00
7.572175199999999677e+03,4.151444743702679574e+00
7.602956400000000031e+03,4.224704845388450813e+00
7.633737599999999475e+03,4.168546089291383261e+00
7.664518799999999828e+03,4.417014662718383278e+00
7.695299999999999272e+03,4.645629152356840486e+00
7.726081199999999626e+03,4.745438893849081019e+00
7.756862399999999980e+03,4.724970114292734280e+00
7.787643599999999424e+03,4.995397467285639159e+00
7.818424799999999777e+03,5.325144289542720344e+00
7.849205999999999221e+03,5.738609744033831284e+00
7.879987199999999575e+03,5.201865578055695494e+00
7.910768399999999929e+03,5.040565187858935481e+00
7.941549599999999373e+03,4.978156807518234750e+00
7.972330799999999726e+03,5.390380950659232617e+00
8.003111999999999171e+03,5.509343228281091243e+00
8.033893199999999524e+03,5.450287909007295539e+00
8.064674399999999878e+03,5.407532500326826863e+00
8.095455599999999322e+03,5.828690640552105506e+00
8.126236799999999675e+03,5.862611278113257107e+00
8.157017999999999120e+03,5.551479582041639382e+00
8.187799199999999473e+03,6.161413642612162178e+00
8.218580399999998917e+03,6.347384408258465172e+00
8.249361600000000180e+03,6.484031917258048061e+00
8.280142799999999625e+03,6.710775267511313480e+00
8.310923999999999069e+03,6.771872809097953194e+00
8.341705200000000332e+03,6.973961537496277785e+00
8.372486399999999776e+03,7.123363612637905184e+00
8.403267599999999220e+03,6.745789478416833518e+00
8.434048799999998664e+03,6.113543548384706483e+00
8.464829999999999927e+03,5.816326810498816613e+00
8.495611199999999371e+03,5.738597645607460329e+00
8.526392399999998815e+03,5.903944026615274510e+00
8.557173600000000079e+03,6.090876531358645707e+00
8.587954799999999523e+03,6.035576984804856160e+00
8.618735999999998967e+03,5.864420010290071872e+00
8.649517200000000230e+03,5.482865236449687707e+00
8.680298399999999674e+03,5.974329620653141326e+00
8.711079599999999118e+03,6.485242223996208644e+00
8.741860800000000381e+03,6.188019314000125171e+00
8.772641999999999825e+03,6.338374950157552590e+00
8.803423199999999269e+03,5.786998863902812928e+00
8.834204399999998714e+03,5.610340142409674158e+00
8.864985599999999977e+03,5.670600331087017665e+00
8.895766799999999421e+03,5.776106129208906204e+00
8.926547999999998865e+03,5.563833511775840179e+00
8.957329200000000128e+03,5.715353145861159945e+00
8.988110399999999572e+03,6.365304287223544577e+00
9.018891599999999016e+03,6.638173768971603828e+00
9.049672800000000279e+03,6.395276213985789937e+00
9.080453999999999724e+03,5.970289423471474954e+00
9.111235199999999168e+03,5.802706812996889063e+00
9.142016399999998612e+03,5.381989941631252883e+00
9.172797599999999875e+03,5.346188784841501729e+00
9.203578799999999319e+03,4.791226185159230155e+00
9.234359999999998763e+03,5.236267804062882725e+00
9.265141200000000026e+03,5.462511335905832155e+00
9.295922399999999470e+03,5.465799113518619912e+00
9.326703599999998914e+03,5.776862289004695228e+00
9.357484800000000178e+03,5.227050159753816594e+00
9.388265999999999622e+03,5.203779406617772274e+00
9.419047199999999066e+03,5.064253725509860971e+00
9.449828400000000329e+03,4.925376890128084995e+00
9.480609599999999773e+03,4.836972572985249741e+00
9.511390799999999217e+03,4.784480258853363033e+00
9.542171999999998661e+03,5.049322551870131903e+00
9.572953199999999924e+03,5.331716372938139159e+00
9.603734399999999368e+03,5.852694520386287458e+00
9.634515599999998813e+03,6.628383360536308722e+00
9.665296800000000076e+03,5.677146282358370044e+00
9.696077999999999520e+03,4.987080278429544933e+00
9.726859199999998964e+03,4.807704746337287283e+00
9.757640400000000227e+03,4.899910628911715804e+00
9.788421599999999671e+03,5.251163393802324997e+00
9.819202799999999115e+03,5.093736674714258506e+00
9.849984000000000378e+03,5.070398062071098444e+00
9.880765199999999822e+03,5.400228949255676980e+00
9.911546399999999267e+03,6.027019490410733482e+00
9.942327599999998711e+03,7.126132016599235008e+00
9.973108799999999974e+03,6.954651096585609871e+00
1.000388999999999942e+04,6.522554614057492373e+00
1.003467119999999886e+04,6.730070796495868812e+00
1.006545240000000013e+04,6.191377493697653556e+00
1.009623359999999957e+04,6.104854744443913184e+00
1.012701479999999901e+04,6.230586034122709727e+00
1.015779600000000028e+04,6.363299151563614586e+00
1.018857719999999972e+04,6.832813403333732438e+00
1.021935839999999916e+04,6.766105103645380758e+00
1.025013959999999861e+04,7.072957877345572797e+00
1.028092079999999987e+04,6.575491042840302391e+00
1.031170199999999932e+04,6.773267858243009698e+00
1.034248319999999876e+04,6.733061516526873902e+00
1.037326440000000002e+04,6.535408739340565099e+00
1.040404559999999947e+04,6.538926731144081295e+00
1.043482679999999891e+04,6.339549906908573895e+00
1.046560800000000017e+04,5.702612641621474410e+00
1.049638919999999962e+04,5.557012585796839765e+00
1.052717039999999906e+04,5.721499283952550918e+00
1.055795160000000033e+04,6.170657941520027556e+00
1.058873279999999977e+04,5.638286218526728177e+00
1.061951399999999921e+04,5.123206767810081885e+00
1.065029519999999866e+04,5.344805047179046475e+00
1.068107639999999992e+04,5.276864327378603114e+00
1.071185759999999937e+04,5.445848126211900286e+00
1.074263879999999881e+04,5.311015133851077152e+00
1.077342000000000007e+04,5.177623733121228256e+00
1.080420119999999952e+04,4.962597889789924110e+00
1.083498239999999896e+04,4.726102880690873143e+00
1.086576360000000022e+04,4.789798308159315177e+00
1.089654479999999967e+04,5.073800682263740924e+00
1.092732599999999911e+04,5.209773351421258525e+00
1.095810719999999856e+04,4.744756904631807437e+00
1.098888839999999982e+04,4.281507211197791207e+00
1.101966959999999926e+04,4.740276411996370953e+00
1.105045079999999871e+04,4.939935198004058670e+00
1.108123199999999997e+04,4.958359233182917158e+00
1.111201319999999942e+04,4.707000243360113245e+00
1.114279439999999886e+04,4.770490786325565225e+00
1.117357560000000012e+04,5.148262008098047460e+00
1.120435679999999957e+04,4.839724571756382154e+00
1.123513799999999901e+04,4.630300819767882992e+00
1.126591920000000027e+04,4.405415399358568074e+00
1.129670039999999972e+04,4.176786613625009359e+00
1.132748159999999916e+04,4.326284145798362957e+00
1.135826279999999861e+04,4.619294109937922777e+00
1.138904399999999987e+04,4.375828300915046931e+00
1.141982519999999931e+04,4.182496951747548763e+00
1.145060639999999876e+04,3.794355508126914689e+00
1.148138760000000002e+04,3.735333497297063765e+00
1.151216879999999946e+04,3.820359824411093008e+00
1.154294999999999891e+04,3.521022539211573932e+00
1.157373120000000017e+04,3.298620609181253105e+00
1.160451239999999962e+04,3.577940241281254430e+00
1.163529359999999906e+04,3.723836571976468335e+00
1.166607479999999850e+04,3.795179389621983645e+00
1.169685599999999977e+04,3.708128678090436114e+00
1.172763719999999921e+04,3.595789950943357738e+00
1.175841839999999866e+04,3.665466957737591791e+00
1.178919959999999992e+04,3.434567037898645037e+00
1.181998079999999936e+04,3.678696170312633740e+00
1.185076199999999881e+04,3.675468540458677325e+00
1.188154320000000007e+04,3.611658338100805832e+00
1.191232439999999951e+04,3.622158979930194977e+00
1.194310559999999896e+04,3.658144805776126773e+00
1.197388680000000022e+04,3.881458404803452389e+00
1.200466799999999967e+04,4.268984661861486174e+00
1.203544919999999911e+04,4.275595277025801444e+00
1.206623039999999855e+04,4.398471687803685803e+00
1.209701159999999982e+04,4.908219565670831841e+00
1.212779279999999926e+04,5.209651987795986372e+00
1.215857399999999870e+04,5.566025214402646526e+00
1.218935519999999997e+04,5.123367026234989297e+00
1.222013639999999941e+04,4.951149402637311958e+00
1.225091759999999886e+04,5.277635491582190141e+00
1.228169880000000012e+04,4.806370003018134440e+00
1.231247999999999956e+04,5.074347907537211100e+00
1.234326119999999901e+04,5.013573784281374124e+00
1.237404239999999845e+04,5.395800299127066602e+00
1.240482359999999971e+04,5.512278956927302964e+00
1.243560479999999916e+04,5.844998943971844163e+00
1.246638599999999860e+04,6.122323703581373344e+00
1.249716719999999987e+04,6.277928299269125212e+00
1.252794839999999931e+04,6.594396442952492166e+00
1.255872959999999875e+04,6.308909494281029318e+00
1.258951080000000002e+04,6.036877800285434859e+00
1.262029199999999946e+04,6.649874263821551779e+00
1.265107319999999891e+04,6.328236532547526494e+00
1.268185440000000017e+04,5.872680993848309328e+00
1.271263559999999961e+04,5.354247604419261286e+00
1.274341679999999906e+04,5.459561440801333987e+00
1.277419799999999850e+04,5.976795192294814818e+00
1.280497919999999976e+04,6.607854460076874936e+00
1.283576039999999921e+04,7.054940562876758747e+00
1.286654159999999865e+04,6.378590473564825558e+00
1.289732279999999992e+04,5.878558345422419507e+00
1.292810399999999936e+04,5.636387781949149023e+00
1.295888519999999880e+04,5.354514541711653308e+00
1.298966640000000007e+04,5.539270298973806739e+00
1.302044759999999951e+04,5.014718034680766046e+00
1.305122879999999896e+04,4.970443420698531511e+00
1.308200999999999840e+04,5.116462754978833516e+00
1.311279119999999966e+04,5.118372525807350470e+00
1.314357239999999911e+04,5.656424731904440506e+00
1.317435359999999855e+04,5.488418116927324952e+00
1.320513479999999981e+04,5.548706424321652619e+00
1.323591599999999926e+04,5.948923670957901422e+00
1.326669719999999870e+04,6.788723556249594004e+00
1.329747839999999997e+04,7.236966313004224105e+00
1.332825959999999941e+04,7.293425554015599666e+00
1.335904079999999885e+04,7.196319579466365468e+00
1.338982200000000012e+04,7.001924857818525361e+00
1.342060319999999956e+04,6.769446357936413250e+00
1.345138439999999900e+04,6.616494145640250402e+00
1.348216559999999845e+04,6.869758366822136253e+00
1.351294679999999971e+04,7.625142248330047501e+00
1.354372799999999916e+04,7.964836055331788067e+00
1.357450919999999860e+04,8.338721853555103536e+00
1.360529039999999986e+04,8.522071933707797697e+00
1.363607159999999931e+04,8.117474002351253048e+00
1.366685279999999875e+04,7.469031518533907565e+00
1.369763400000000001e+04,7.541360883139088145e+00
1.372841519999999946e+04,7.403189263168736822e+00
1.375919639999999890e+04,7.455098272107655966e+00
1.378997759999999835e+04,7.207259874728108251e+00
1.382075879999999961e+04,7.361247595099261076e+00
1.385153999999999905e+04,6.983020149223808204e+00
1.388232119999999850e+04,6.843799410241143910e+00
1.391310239999999976e+04,6.479159168063139518e+00
1.394388359999999921e+04,6.268031620157240802e+00
1.397466479999999865e+04,6.190109781595892535e+00
1.400544599999999991e+04,5.830419709288898744e+00
1.403622719999999936e+04,5.864390358923561308e+00
1.406700839999999880e+04,5.123020790983020767e+00
1.409778960000000006e+04,4.759372569874972925e+00
1.412857079999999951e+04,4.524318739377722665e+00
1.415935199999999895e+04,4.340208858671488201e+00
1.419013319999999840e+04,4.583446001155706107e+00
1.422091439999999966e+04,4.486231181539217516e+00
1.425169559999999910e+04,4.504334695439177416e+00
1.428247679999999855e+04,4.272444919326384039e+00
1.431325799999999981e+04,4.401244827000178717e+00
1.434403919999999925e+04,4.509247644938628063e+00
1.437482039999999870e+04,4.773960365703034725e+00
1.440560159999999996e+04,4.889241667068083608e+00
1.443638279999999941e+04,4.520373119051889432e+00
1.446716399999999885e+04,4.731730777690898115e+00
1.449794520000000011e+04,4.923904385880526924e+00
1.452872639999999956e+04,5.002496642552237027e+00
1.455950759999999900e+04,5.013488728274510642e+00
1.459028879999999845e+04,5.057269905366235108e+00
1.462106999999999971e+04,4.944411078787408265e+00
1.465185119999999915e+04,4.953725491932241987e+00
1.468263239999999860e+04,4.767841945884236488e+00
1.471341359999999986e+04,4.456885383404131318e+00
1.474419479999999930e+04,4.540038179834793297e+00
1.477497599999999875e+04,4.311151012129872839e+00
1.480575720000000001e+04,4.373592595961104834e+00
1.483653839999999946e+04,4.336997752374221804e+00
1.486731959999999890e+04,4.281353111798140709e+00
1.489810079999999834e+04,4.315920173533513093e+00
1.492888199999999961e+04,4.702391473088224139e+00
1.495966319999999905e+04,4.385341178670723927e+00
1.499044439999999850e+04,4.363460190778316594e+00
1.502122559999999976e+04,4.169365670487908737e+00
1.505200679999999920e+04,4.463132522934640356e+00
1.508278799999999865e+04,4.384486605419259497e+00
1.511356919999999991e+04,4.366529965632366839e+00
1.514435039999999935e+04,4.204478007105462822e+00
1.517513159999999880e+04,4.418608733317503479e+00
1.520591280000000006e+04,4.507702843993352637e+00
1.523669399999999951e+04,4.659505712430085822e+00
1.526747519999999895e+04,4.643494389291833890e+00
1.529825639999999839e+04,4.445384760861472273e+00
1.532903759999999966e+04,4.184233874234090322e+00
1.535981879999999910e+04,4.213864430176407438e+00
1.539059999999999854e+04,4.537674619196403469e+00
1.542138119999999981e+04,4.730604313282066542e+00
1.545216239999999925e+04,4.842230181476343986e+00
1.548294359999999870e+04,4.605933532012706166e+00
1.551372479999999996e+04,4.676657216845381271e+00
1.554450599999999940e+04,5.005888403113150531e+00
1.557528719999999885e+04,5.109164036619931792e+00
1.560606839999999829e+04,5.334413167792690480e+00
1.563684959999999955e+04,5.398736825956707897e+00
1.566763079999999900e+04,5.417466332624801595e+00
1.569841199999999844e+04,4.815550699916600230e+00
1.572919319999999971e+04,5.253051434430578759e+00
1.575997439999999915e+04,5.231980868232420256e+00
1.579075559999999859e+04,5.250429633331641810e+00
1.582153679999999986e+04,5.463251165129774378e+00
1.585231799999999930e+04,5.540072514655056679e+00
1.588309919999999875e+04,5.186561499976030554e+00
1.591388040000000001e+04,5.456194189182017595e+00
1.594466159999999945e+04,4.774535844992314537e+00
1.597544279999999890e+04,4.497153235002751437e+00
1.600622399999999834e+04,4.335577739485407811e+00
1.603700519999999960e+04,4.674126178263207976e+00
1.606778639999999905e+04,4.542488418747534062e+00
1.609856759999999849e+04,4.892484636463748870e+00
1.612934879999999976e+04,5.186764461454255404e+00
1.616012999999999920e+04,5.394484975556114392e+00
1.619091119999999864e+04,5.324452749170697885e+00
1.622169239999999991e+04,5.556772374555902338e+00
1.625247359999999935e+04,5.105735491271012449e+00
1.628325479999999880e+04,4.207176641404862139e+00
1.631403599999999824e+04,4.340306267982353639e+00
1.634481719999999950e+04,4.392222308657135699e+00
1.637559839999999895e+04,4.276356629549868060e+00
1.640637960000000021e+04,4.492027343144560980e+00
1.643716079999999783e+04,4.705249843500655338e+00
1.646794199999999910e+04,5.045938428928678832e+00
1.649872320000000036e+04,5.243401863320366729e+00
1.652950439999999799e+04,4.726920348863110632e+00
1.656028559999999925e+04,4.113421895213654089e+00
1.659106680000000051e+04,3.962747217111548093e+00
1.662184799999999814e+04,4.158164805895282257e+00
1.665262919999999940e+04,4.296912224446264972e+00
1.668341040000000066e+04,4.501056081302443168e+00
1.671419159999999829e+04,4.688128543708462104e+00
1.674497279999999955e+04,4.750469469179714466e+00
1.677575400000000081e+04,4.989289770336925223e+00
1.680653519999999844e+04,5.687513419974812301e+00
1.683731639999999970e+04,6.258442759745578066e+00
1.686809759999999733e+04,4.760307817165708499e+00
1.689887879999999859e+04,3.890958982828311985e+00
1.692965999999999985e+04,3.935573493618405472e+00
1.696044119999999748e+04,3.790060251269281810e+00
1.699122239999999874e+04,4.017385844288146934e+00
1.702200360000000001e+04,3.763882440994590795e+00
1.705278479999999763e+04,3.863533186115663653e+00
1.708356599999999889e+04,4.068444880725928137e+00
1.711434720000000016e+04,4.047743648298042451e+00
1.714512839999999778e+04,3.668907194798190385e+00
1.717590959999999905e+04,3.509443146988517448e+00
1.720669080000000031e+04,3.389864763307817164e+00
1.723747199999999793e+04,3.607236995781858191e+00
1.726825319999999920e+04,3.593069680177563896e+00
1.729903440000000046e+04,3.573160532636197928e+00
1.732981559999999808e+04,3.432040500256825499e+00
1.736059679999999935e+04,3.462094828032654004e+00
1.739137800000000061e+04,3.658317752704414172e+00
1.742215919999999824e+04,3.778295660233300435e+00
1.745294039999999950e+04,3.890306458450285110e+00
1.748372160000000076e+04,4.221279787579529597e+00
1.751450279999999839e+04,4.165705813357075904e+00
1.754528399999999965e+04,4.173755140281253162e+00
1.757606519999999728e+04,4.312842061317858189e+00
1.760684639999999854e+04,4.429278078583582356e+00
1.763762759999999980e+04,4.647478916981579999e+00
1.766840879999999743e+04,4.527836711737333708e+00
1.769918999999999869e+04,4.455982756463630956e+00
1.772997119999999995e+04,4.414869179567933344e+00
1.776075239999999758e+04,4.377937059559362076e+00
1.779153359999999884e+04,4.227174323182754989e+00
1.782231480000000010e+04,4.209861754379010002e+00
1.785309599999999773e+04,4.589384832383919033e+00
1.788387719999999899e+04,4.577816145687173766e+00
1.791465840000000026e+04,4.802112897603222130e+00
1.794543959999999788e+04,4.710829683865433992e+00
1.797622079999999914e+04,4.177371190331203188e+00
1.800700200000000041e+04,3.813314144808152228e+00
1.803778319999999803e+04,3.760357204995870006e+00
1.806856439999999930e+04,3.686910834834222772e+00
1.809934560000000056e+04,3.842788627689158520e+00
1.813012679999999818e+04,3.996149219097457461e+00
1.816090799999999945e+04,4.417325752267722727e+00
1.819168920000000071e+04,4.890531871787294982e+00
1.822247039999999834e+04,4.532932619966367760e+00
1.825325159999999960e+04,4.301433259345766480e+00
1.828403279999999722e+04,4.581978035277792571e+00
1.831481399999999849e+04,4.963294859585133167e+00
1.834559519999999975e+04,5.249345610981815291e+00
1.837637639999999737e+04,5.112213120562032920e+00
1.840715759999999864e+04,5.192760444274539644e+00
1.843793879999999990e+04,4.989182013222762002e+00
1.846871999999999753e+04,4.930538918624390199e+00
1.849950119999999879e+04,4.549736717126346086e+00
1.853028240000000005e+04,4.754009611977408234e+00
1.856106359999999768e+04,5.148209584466193256e+00
1.859184479999999894e+04,4.598043036898420866e+00
1.862262600000000020e+04,4.181109391687993337e+00
1.865340719999999783e+04,4.191915842517218493e+00
1.868418839999999909e+04,4.338748294295565522e+00
1.871496960000000036e+04,4.150280438235472324e+00
1.874575079999999798e+04,4.134945245621251431e+00
1.877653199999999924e+04,4.099510536080622103e+00
1.880731320000000051e+04,4.424686818298780189e+00
1.883809439999999813e+04,4.205942052673615095e+00
1.886887559999999939e+04,3.795492020414388268e+00
1.889965680000000066e+04,3.566195802541025639e+00
1.893043799999999828e+04,3.599194430346676299e+00
1.896121919999999955e+04,3.519399077969531220e+00
1.899200039999999717e+04,3.510640099201068676e+00
1.902278159999999843e+04,3.528494116435967776e+00
1.905356279999999970e+04,3.566693525078710181e+00
1.908434399999999732e+04,3.853473852952945755e+00
1.911512519999999859e+04,3.727538910047262011e+00
1.914590639999999985e+04,3.712498438023041469e+00
1.917668759999999747e+04,3.876548248252960072e+00
1.920746879999999874e+04,3.653238182813771662e+00
1.923825000000000000e+04,3.696510649696613360e+00
1.926903119999999763e+04,3.900630359698578964e+00
1.929981239999999889e+04,4.299945389952132047e+00
1.933059360000000015e+04,4.028704072865298080e+00
1.936137479999999778e+04,3.942637520466911294e+00
1.939215599999999904e+04,3.868725680298855885e+00
1.942293720000000030e+04,3.797832757696055328e+00
1.945371839999999793e+04,4.243195696897824831e+00
1.948449959999999919e+04,3.853847670352310573e+00
1.951528080000000045e+04,3.501239189135390006e+00
1.954606199999999808e+04,3.465293967808797504e+00
1.957684319999999934e+04,3.262497652494807276e+00
1.960762440000000061e+04,3.002896943974086241e+00
1.963840559999999823e+04,3.346128982088161230e+00
1.966918679999999949e+04,3.627415631559681497e+00
1.969996800000000076e+04,3.677018140758429254e+00
1.973074919999999838e+04,3.705826204884383746e+00
1.976153039999999964e+04,3.689042208148177515e+00
1.979231159999999727e+04,3.893358977978140345e+00
1.982309279999999853e+04,3.904246841025853065e+00
1.985387399999999980e+04,3.965453589919589739e+00
1.988465519999999742e+04,4.003324555679570018e+00
1.991543639999999868e+04,4.166417287926807766e+00
1.994621759999999995e+04,3.994526449097470344e+00
1.997699879999999757e+04,4.053474522957754900e+00
2.000777999999999884e+04,4.034545316970832296e+00
2.003856120000000010e+04,4.278645140233535038e+00
2.006934239999999772e+04,4.348075178692958787e+00
2.010012359999999899e+04,4.290078598283182387e+00
2.013090480000000025e+04,4.496533055387724076e+00
2.016168599999999788e+04,4.830381264613192727e+00
2.019246719999999914e+04,4.871466430921561397e+00
2.022324840000000040e+04,5.080557677091449342e+00
2.025402959999999803e+04,4.935278556000029404e+00
2.028481079999999929e+04,5.278995987276670299e+00
2.031559200000000055e+04,5.343864258745641749e+00
2.034637319999999818e+04,5.298195977916448030e+00
2.037715439999999944e+04,5.278916095534744279e+00
2.040793560000000070e+04,4.938117387898492083e+00
2.043871679999999833e+04,5.183519365896324338e+00
2.046949799999999959e+04,5.322538695964117217e+00
2.050027919999999722e+04,5.252442712967289040e+00
2.053106039999999848e+04,5.517566742446057049e+00
2.056184159999999974e+04,5.108087217226367827e+00
2.059262279999999737e+04,5.166170944863358372e+00
2.062340399999999863e+04,5.812873031250810563e+00
2.065418519999999990e+04,6.326969862434841829e+00
2.068496639999999752e+04,7.429120392142935181e+00
2.071574759999999878e+04,7.334000790621002963e+00
2.074652880000000005e+04,5.374057611332922590e+00
2.077730999999999767e+04,4.697885161877914939e+00
2.080809119999999893e+04,4.452926206066534220e+00
2.083887240000000020e+04,4.283123821355801830e+00
2.086965359999999782e+04,4.519933239833514804e+00
2.090043479999999909e+04,4.537408955876931493e+00
2.093121600000000035e+04,4.588047300691589392e+00
2.096199719999999797e+04,4.723005632868686021e+00
2.099277839999999924e+04,4.845501245442755511e+00
2.102355960000000050e+04,4.985652499752297295e+00
2.105434079999999813e+04,5.310307985323740709e+00
2.108512199999999939e+04,5.882940132519897780e+00
2.111590320000000065e+04,5.776613377222646228e+00
2.114668439999999828e+04,5.413210838713967021e+00
2.117746559999999954e+04,5.350604148251504988e+00
2.120824679999999717e+04,5.551969023069665887e+00
2.123902799999999843e+04,6.092671397628031116e+00
2.126980919999999969e+04,5.890560850768225443e+00
2.130059039999999732e+04,5.460624411336716832e+00
2.133137159999999858e+04,5.581642194830641834e+00
2.136215279999999984e+04,4.854677556362155144e+00
2.139293399999999747e+04,4.502968007819540652e+00
2.142371519999999873e+04,3.933539004618296531e+00
2.145449639999999999e+04,3.486360257855626088e+00
2.148527759999999762e+04,3.472291553949595322e+00
2.151605879999999888e+04,3.343986466129132307e+00
2.154684000000000015e+04,3.155093853237564083e+00
2.157762119999999777e+04,3.117829520006855315e+00
2.160840239999999903e+04,3.185783309851057954e+00
2.163918360000000030e+04,3.455061389420887696e+00
2.166996479999999792e+04,3.665342935500899291e+00
2.170074599999999919e+04,3.601109668647204831e+00
2.173152720000000045e+04,3.700658299831708575e+00
2.176230839999999807e+04,3.389094311562985684e+00
2.179308959999999934e+04,3.415579669585046663e+00
2.182387080000000060e+04,3.204036624916149378e+00
2.185465199999999822e+04,3.147242431509967631e+00
2.188543319999999949e+04,3.391376874134472530e+00
2.191621439999999711e+04,3.422672806844876625e+00
2.194699559999999838e+04,3.766432393878277107e+00
2.197777679999999964e+04,3.802103247685579390e+00
2.200855799999999726e+04,3.656285053832938559e+00
2.203933919999999853e+04,3.482140863279624909e+00
2.207012039999999979e+04,3.128876561271629164e+00
2.210090159999999742e+04,3.017715350523010098e+00
2.213168279999999868e+04,3.003830267325064529e+00
2.216246399999999994e+04,3.116576818761438883e+00
2.219324519999999757e+04,3.563800549946973373e+00
2.222402639999999883e+04,3.600733716317120692e+00
2.225480760000000009e+04,3.442848926948371080e+00
2.228558879999999772e+04,3.825358570138866821e+00
2.231636999999999898e+04,3.605454906913877711e+00
2.234715120000000024e+04,3.705649407097456383e+00
2.237793239999999787e+04,3.546609168538926049e+00
2.240871359999999913e+04,3.213462289790984805e+00
2.243949480000000040e+04,3.151254686473300204e+00
2.247027599999999802e+04,3.442679718475520456e+00
2.250105719999999928e+04,3.451296214307754795e+00
2.253183840000000055e+04,3.082307317905395916e+00
2.256261959999999817e+04,3.050870495728597476e+00
2.259340079999999944e+04,3.182015579191357357e+00
2.262418199999999706e+04,3.262057726276951453e+00
2.265496319999999832e+04,3.174373634109501463e+00
2.268574439999999959e+04,3.568590074888011721e+00
2.271652559999999721e+04,3.940404065892806784e+00
2.274730679999999847e+04,3.464190435037113325e+00
2.277808799999999974e+04,3.085125903398399760e+00
2.280886919999999736e+04,2.951943609414558356e+00
2.283965039999999863e+04,2.689449668432845275e+00
2.287043159999999989e+04,2.790224971539684073e+00
2.290121279999999751e+04,2.948171162006506751e+00
2.293199399999999878e+04,2.860885212095008789e+00
2.296277520000000004e+04,3.053197100219743998e+00
2.299355639999999767e+04,3.079000589413285915e+00
2.302433759999999893e+04,3.262155612148923911e+00
2.305511880000000019e+04,3.379567149371742740e+00
2.308589999999999782e+04,3.220942653117603527e+00
2.311668119999999908e+04,2.924715635556852433e+00
2.314746240000000034e+04,3.037566772856852282e+00
2.317824359999999797e+04,3.385525016867803494e+00
2.320902479999999923e+04,3.736181382384948346e+00
2.323980600000000049e+04,4.068446627674027205e+00
2.327058719999999812e+04,3.831006374473876264e+00
2.330136839999999938e+04,3.629672825259661284e+00
2.333214959999999701e+04,3.566501582182677321e+00
2.336293079999999827e+04,3.628083373615812679e+00
2.339371199999999953e+04,3.734582610093578836e+00
2.342449319999999716e+04,3.777648373356544020e+00
2.345527439999999842e+04,3.845658455382657603e+00
2.348605559999999969e+04,3.974567360291887841e+00
2.351683679999999731e+04,3.701223412046985572e+00
2.354761799999999857e+04,3.680118010495931014e+00
2.357839919999999984e+04,3.733430966802852691e+00
2.360918039999999746e+04,3.716318290283698644e+00
2.363996159999999873e+04,3.451945466662176276e+00
2.367074279999999999e+04,3.270835687693714355e+00
2.370152399999999761e+04,3.596851148964505640e+00
2.373230519999999888e+04,3.784705209647790891e+00
2.376308640000000014e+04,4.077386456322403596e+00
2.379386759999999776e+04,4.408019822132670740e+00
2.382464879999999903e+04,4.386065821660642960e+00
2.385543000000000029e+04,3.962017792688871332e+00
2.388621119999999792e+04,4.211525325082140725e+00
2.391699239999999918e+04,4.181323850236172035e+00
2.394777360000000044e+04,4.147214368718885602e+00
2.397855479999999807e+04,4.265409334489045357e+00
2.400933599999999933e+04,4.060216373899227627e+00
2.404011719999999696e+04,4.586917316138404033e+00
2.407089839999999822e+04,4.955796870948514510e+00
2.410167959999999948e+04,5.291641074641701081e+00
2.413246079999999711e+04,5.277062270318484849e+00
2.416324199999999837e+04,4.636855851933201933e+00
2.419402319999999963e+04,4.401594024943812578e+00
2.422480439999999726e+04,4.214118311162189379e+00
2.425558559999999852e+04,4.152749804035284598e+00
2.428636679999999978e+04,4.482527529974228209e+00
2.431714799999999741e+04,4.920217800427499455e+00
2.434792919999999867e+04,4.726352716613954286e+00
2.437871039999999994e+04,4.350397227153980140e+00
2.440949159999999756e+04,5.043637551757713666e+00
2.444027279999999882e+04,4.674595151100040979e+00
2.447105400000000009e+04,3.630278416650734474e+00
2.450183519999999771e+04,3.225611388465330798e+00
2.453261639999999898e+04,3.228396517007936950e+00
2.456339760000000024e+04,3.333431343628766363e+00
2.459417879999999786e+04,3.518024508065245470e+00
2.462495999999999913e+04,3.624908399096374190e+00
2.465574120000000039e+04,3.498426773119383881e+00
2.468652239999999802e+04,3.734239261078658778e+00
2.471730359999999928e+04,3.848054537828076160e+00
2.474808479999999690e+04,3.846878489960606551e+00
2.477886599999999817e+04,3.778287951951039503e+00
2.480964719999999943e+04,4.004297788502805489e+00
2.484042839999999705e+04,3.875241639348907086e+00
2.487120959999999832e+04,3.752139989075536697e+00
2.490199079999999958e+04,3.530064862224721711e+00
2.493277199999999721e+04,3.182777830539922359e+00
2.496355319999999847e+04,3.138852705505879914e+00
2.499433439999999973e+04,3.195610068008129634e+00
2.502511559999999736e+04,3.183148139558429346e+00
2.505589679999999862e+04,3.117563144190626190e+00
2.508667799999999988e+04,3.274798486080944482e+00
2.511745919999999751e+04,3.353190853893578183e+00
2.514824039999999877e+04,3.500864364872299017e+00
2.517902160000000003e+04,3.734436999455344353e+00
2.520980279999999766e+04,3.956364543459180538e+00
2.524058399999999892e+04,3.943907962181359750e+00
2.527136520000000019e+04,3.759418778927267279e+00
2.530214639999999781e+04,3.452271813037132375e+00
2.533292759999999907e+04,3.443185965473191779e+00
2.536370880000000034e+04,3.444367588917596201e+00
2.539448999999999796e+04,3.501579255710562499e+00
2.542527119999999923e+04,3.340051062319040476e+00
2.545605239999999685e+04,3.082149546525012163e+00
2.548683359999999811e+04,3.064481483834994524e+00
2.551761479999999938e+04,3.160363139156400436e+00
2.554839599999999700e+04,3.178076077465211924e+00
2.557917719999999827e+04,3.248324997674895798e+00
2.560995839999999953e+04,3.461376020893610406e+00
2.564073959999999715e+04,3.693164291707554003e+00
2.567152079999999842e+04,4.081695344507112466e+00
2.570230199999999968e+04,4.154650578664995209e+00
2.573308319999999730e+04,4.074196931162509472e+00
2.576386439999999857e+04,4.148297335461630375e+00
2.579464559999999983e+04,4.162466775921061846e+00
2.582542679999999746e+04,4.233709187783952999e+00
2.585620799999999872e+04,4.434765209389555984e+00
2.588698919999999998e+04,4.351988030330435464e+00
2.591777039999999761e+04,4.213709447127619079e+00
2.594855159999999887e+04,4.234027007627581440e+00
2.597933280000000013e+04,4.565615906925828860e+00
2.601011399999999776e+04,4.656326080986171512e+00
2.604089519999999902e+04,4.327639052230437322e+00
2.607167640000000029e+04,4.273755971297330092e+00
2.610245759999999791e+04,4.521508951433015788e+00
2.613323879999999917e+04,4.186511197020303499e+00
2.616401999999999680e+04,4.204851177170126242e+00
2.619480119999999806e+04,3.958938019751799153e+00
2.622558239999999932e+04,4.201780802027320405e+00
2.625636359999999695e+04,4.160216736458052011e+00
2.628714479999999821e+04,4.435374643968536645e+00
2.631792599999999948e+04,4.063203859118631023e+00
2.634870719999999710e+04,3.784250741134662643e+00
2.637948839999999836e+04,3.335536634599048700e+00
2.641026959999999963e+04,3.179983375653616218e+00
2.644105079999999725e+04,3.166143742472016687e+00
2.647183199999999852e+04,3.292425876978150256e+00
2.650261319999999978e+04,3.274572164436607480e+00
2.653339439999999740e+04,3.439199657436891489e+00
2.656417559999999867e+04,3.451513066812270214e+00
2.659495679999999993e+04,3.555223950225399943e+00
2.662573799999999756e+04,3.722833193024928988e+00
2.665651919999999882e+04,3.647087823483915692e+00
2.668730040000000008e+04,3.612854565630414516e+00
2.671808159999999771e+04,3.819031529438376538e+00
2.674886279999999897e+04,4.063762640163917084e+00
2.677964400000000023e+04,4.091224928516883352e+00
2.681042519999999786e+04,3.853608825341173993e+00
2.684120639999999912e+04,3.785259762499264546e+00
2.687198759999999675e+04,4.034691805607629078e+00
2.690276879999999801e+04,4.181552845366530491e+00
2.693354999999999927e+04,4.229708758663637269e+00
2.696433119999999690e+04,3.784629303957669055e+00
2.699511239999999816e+04,3.826700477751258767e+00
2.702589359999999942e+04,3.999500152956044108e+00
2.705667479999999705e+04,4.092242606123360105e+00
2.708745599999999831e+04,4.586007111310431483e+00
2.711823719999999958e+04,5.059429777086800861e+00
2.714901839999999720e+04,5.950439890558175016e+00
2.717979959999999846e+04,5.221048328672932115e+00
2.721058079999999973e+04,4.535642999772409034e+00
2.724136199999999735e+04,4.476221846722661546e+00
2.727214319999999861e+04,4.245910853089005066e+00
2.730292439999999988e+04,3.844349992927933446e+00
2.733370559999999750e+04,3.489974756989497884e+00
2.736448679999999877e+04,3.574037969715277541e+00
2.739526800000000003e+04,3.582300423326430838e+00
2.742604919999999765e+04,3.546742267728284048e+00
2.745683039999999892e+04,3.460922653629533219e+00
2.748761160000000018e+04,3.340615923536913279e+00
2.751839279999999781e+04,3.274576831958521339e+00
2.754917399999999907e+04,3.260609333631251605e+00
2.757995519999999669e+04,3.347130894929232436e+00
2.761073639999999796e+04,3.304098734142550509e+00
2.764151759999999922e+04,3.237827061353863112e+00
2.767229879999999685e+04,3.182356018648485385e+00
2.770307999999999811e+04,3.001740849922251986e+00
2.773386119999999937e+04,3.093045981864466665e+00
2.776464239999999700e+04,3.443907607539131277e+00
2.779542359999999826e+04,3.303753008643672828e+00
2.782620479999999952e+04,3.227167039725437281e+00
2.785698599999999715e+04,3.271988064979113542e+00
2.788776719999999841e+04,3.666154812818258613e+00
2.791854839999999967e+04,3.925718476247848976e+00
2.794932959999999730e+04,3.747538380155631454e+00
2.798011079999999856e+04,3.649477740701789763e+00
2.801089199999999983e+04,3.797175556085905956e+00
2.804167319999999745e+04,3.631024324757801125e+00
2.807245439999999871e+04,3.415229038538928563e+00
2.810323559999999998e+04,3.991195221777590341e+00
2.813401679999999760e+04,4.211605827466845753e+00
2.816479799999999886e+04,4.707665047234534939e+00
2.819557920000000013e+04,4.375007313954492716e+00
2.822636039999999775e+04,3.588874531125828327e+00
2.825714159999999902e+04,3.388852905510162827e+00
2.828792280000000028e+04,3.210058805315590291e+00
2.831870399999999790e+04,2.623051231553404694e+00
2.834948519999999917e+04,2.480484753328195957e+00
2.838026639999999679e+04,2.689966475586402783e+00
2.841104759999999806e+04,2.654216569819292104e+00
2.844182879999999932e+04,2.621290623295000177e+00
2.847260999999999694e+04,2.806959607713703342e+00
2.850339119999999821e+04,2.907596042683909143e+00
2.853417239999999947e+04,2.717859006967372704e+00
2.856495359999999710e+04,2.854554142293913355e+00
2.859573479999999836e+04,3.245218190601604658e+00
2.862651599999999962e+04,3.174168182809480321e+00
2.865729719999999725e+04,3.317674708650370174e+00
2.868807839999999851e+04,3.123404712995862198e+00
2.871885959999999977e+04,3.069042090921215049e+00
2.874964079999999740e+04,3.098292306714195199e+00
2.878042199999999866e+04,3.108410968397173679e+00
2.881120319999999992e+04,3.058748115108283372e+00
2.884198439999999755e+04,3.573749418712203418e+00
2.887276559999999881e+04,3.882150183350622896e+00
2.890354680000000008e+04,3.677730893927214861e+00
2.893432799999999770e+04,4.030599147223547618e+00
2.896510919999999896e+04,3.914356477707385817e+00
2.899589040000000023e+04,3.771367261040443175e+00
2.902667159999999785e+04,4.021193739073718909e+00
2.905745279999999912e+04,3.497692017345822801e+00
2.908823399999999674e+04,3.189975531006840725e+00
2.911901519999999800e+04,2.858172452578836786e+00
2.914979639999999927e+04,2.776753223178553664e+00
2.918057759999999689e+04,2.929254384206044115e+00
2.921135879999999815e+04,3.056224160205545992e+00
2.924213999999999942e+04,3.183688152389309245e+00
2.927292119999999704e+04,3.669378565950996318e+00
2.930370239999999831e+04,3.999988084174870728e+00
2.933448359999999957e+04,4.391435021893727253e+00
2.936526479999999719e+04,4.417872693689621322e+00
2.939604599999999846e+04,4.479096797147952280e+00
2.942682719999999972e+04,3.915106882142702194e+00
2.945760839999999735e+04,3.276401271717915176e+00
2.948838959999999861e+04,2.824571897734023729e+00
2.951917079999999987e+04,3.119892339661674452e+00
2.954995199999999750e+04,3.142147912243702823e+00
2.958073319999999876e+04,3.248644385331285633e+00
2.961151440000000002e+04,3.392880879942866024e+00
2.964229559999999765e+04,2.982544359928539279e+00
2.967307679999999891e+04,2.537466717926955440e+00
2.970385800000000017e+04,2.166261335393534271e+00
2.973463919999999780e+04,1.982374198857635328e+00
2.976542039999999906e+04,1.808441449214253316e+00
2.979620159999999669e+04,1.890447708936454196e+00
2.982698279999999795e+04,1.988103637985860983e+00
2.985776399999999921e+04,2.071867721422094633e+00
2.988854519999999684e+04,2.116024434481456051e+00
2.991932639999999810e+04,2.089580574380545563e+00
2.995010759999999937e+04,2.188557934617021417e+00
2.998088879999999699e+04,2.209340974384663703e+00
3.001166999999999825e+04,2.401635382071277025e+00
3.004245119999999952e+04,2.500197795136864354e+00
3.007323239999999714e+04,2.642574790479385261e+00
3.010401359999999841e+04,2.408704073324860584e+00
3.013479479999999967e+04,2.262523289233962398e+00
3.016557599999999729e+04,2.374032728552847527e+00
3.019635719999999856e+04,2.379511475318719871e+00
3.022713839999999982e+04,2.304467778828462876e+00
3.025791959999999744e+04,2.196067086361151777e+00
3.028870079999999871e+04,2.291350464920608232e+00
3.031948199999999997e+04,2.440966186525408865e+00
3.035026319999999760e+04,2.582180429569107094e+00
3.038104439999999886e+04,3.033576167787286337e+00
3.041182560000000012e+04,3.179725483414279186e+00
3.044260679999999775e+04,2.806365974745113512e+00
3.047338799999999901e+04,2.860448949011825892e+00
3.050416919999999664e+04,2.901364407870473894e+00
3.053495039999999790e+04,2.865883157361892586e+00
3.056573159999999916e+04,2.650712640315333157e+00
3.059651279999999679e+04,2.811577738394555936e+00
3.062729399999999805e+04,2.913774897580686307e+00
3.065807519999999931e+04,3.397611300138482449e+00
3.068885639999999694e+04,4.051964649192068890e+00
3.071963759999999820e+04,3.711860409625208579e+00
3.075041879999999946e+04,3.532730114618575445e+00
3.078119999999999709e+04,3.807082004387422280e+00
3.081198119999999835e+04,3.884508490929790447e+00
3.084276239999999962e+04,3.592053605406194450e+00
3.087354359999999724e+04,3.206929143064962240e+00
3.090432479999999850e+04,3.054769346384468065e+00
3.093510599999999977e+04,3.208598432190866490e+00
3.096588719999999739e+04,3.617933411823056389e+00
3.099666839999999866e+04,3.635419574069157278e+00
3.102744959999999992e+04,3.128486590436781789e+00
3.105823079999999754e+04,3.094846384178809640e+00
3.108901199999999881e+04,3.132637450606857055e+00
3.111979320000000007e+04,2.895850345621690636e+00
3.115057439999999769e+04,2.631090279251522279e+00
3.118135559999999896e+04,2.387238260442458238e+00
3.121213679999999658e+04,2.405352358076286112e+00
3.124291799999999785e+04,2.500526615558475108e+00
3.127369919999999911e+04,2.673161071540046230e+00
3.130448039999999673e+04,2.270742258714602446e+00
3.133526159999999800e+04,2.070353016464827611e+00
3.136604279999999926e+04,2.248494979228262913e+00
3.139682399999999689e+04,2.600728506229311954e+00
3.142760519999999815e+04,2.940179260618350554e+00
3.145838639999999941e+04,2.738297369409252724e+00
3.148916759999999704e+04,2.809998734866174797e+00
