0.000000000000000000e+00,3.825555574070129250e+00
3.078119999999999834e+01,3.783186441017879709e+00
6.156239999999999668e+01,3.668166532697321625e+00
9.234359999999999502e+01,3.803414482243255179e+00
1.231247999999999934e+02,4.078350280770292713e+00
1.539060000000000059e+02,4.046639975712190029e+00
1.846871999999999900e+02,4.371599706393621609e+00
2.154683999999999742e+02,4.563398081989689992e+00
2.462495999999999867e+02,4.219193261856094779e+00
2.770307999999999993e+02,3.990774383747905496e+00
3.078120000000000118e+02,3.706602334788842601e+00
3.385931999999999675e+02,3.700320829478858542e+00
3.693743999999999801e+02,3.693188340022722560e+00
4.001555999999999926e+02,3.699925864688569099e+00
4.309367999999999483e+02,3.780734602081036844e+00
4.617179999999999609e+02,4.320603689038684969e+00
4.924991999999999734e+02,4.351685549425203803e+00
5.232803999999999860e+02,4.587800787229211252e+00
5.540615999999999985e+02,4.162778338368127606e+00
5.848428000000000111e+02,4.087519224643482829e+00
6.156240000000000236e+02,4.088877719118797494e+00
6.464051999999999225e+02,4.131415950932895598e+00
6.771863999999999351e+02,3.931007394081468931e+00
7.079675999999999476e+02,3.873817583646126383e+00
7.387487999999999602e+02,3.955903055589065076e+00
7.695299999999999727e+02,4.400958945152969370e+00
8.003111999999999853e+02,4.575779477827347286e+00
8.310923999999999978e+02,4.099676901329158518e+00
8.618735999999998967e+02,4.044919439301501107e+00
8.926547999999999092e+02,4.393484547133859053e+00
9.234359999999999218e+02,4.402972430642078550e+00
9.542171999999999343e+02,4.540121094841112814e+00
9.849983999999999469e+02,4.304151213255797082e+00
1.015779599999999959e+03,4.245698808237007071e+00
1.046560799999999972e+03,4.135790670549567061e+00
1.077341999999999871e+03,4.165627091615201394e+00
1.108123199999999997e+03,3.780396306194174549e+00
1.138904399999999896e+03,3.903347044577917924e+00
1.169685600000000022e+03,3.956250286785798931e+00
1.200466799999999921e+03,3.978509022539913786e+00
1.231248000000000047e+03,3.913790252305317185e+00
1.262029199999999946e+03,3.996214782523690445e+00
1.292810399999999845e+03,3.922667514879267792e+00
1.323591599999999971e+03,4.193634554196728814e+00
1.354372799999999870e+03,4.089285695570870516e+00
1.385153999999999996e+03,4.192631405766871211e+00
1.415935199999999895e+03,4.152735672977199144e+00
1.446716400000000021e+03,3.848629237635335265e+00
1.477497599999999920e+03,3.492495790603062478e+00
1.508278799999999819e+03,3.300724480654900095e+00
1.539059999999999945e+03,3.695045392311600896e+00
1.569841199999999844e+03,3.402109692590326251e+00
1.600622399999999971e+03,3.336658381084440794e+00
1.631403599999999869e+03,3.309880218597859969e+00
1.662184799999999996e+03,3.302077883938798308e+00
1.692965999999999894e+03,3.319088488879840426e+00
1.723747199999999793e+03,3.563267018501877992e+00
1.754528399999999920e+03,3.981994391711207282e+00
1.785309599999999818e+03,4.354310054553424791e+00
1.816090799999999945e+03,4.681480121782057857e+00
1.846871999999999844e+03,4.780329172850862562e+00
1.877653199999999970e+03,4.535134721832161375e+00
1.908434399999999869e+03,4.374904114275170564e+00
1.939215599999999995e+03,4.379989496246198932e+00
1.969996799999999894e+03,4.349644998285513431e+00
2.000777999999999793e+03,4.507462065819188624e+00
2.031559199999999919e+03,5.126717278578643011e+00
2.062340400000000045e+03,4.618201377410758646e+00
2.093121599999999944e+03,4.895928338772887578e+00
2.123902799999999843e+03,4.358096335424718859e+00
2.154683999999999742e+03,4.379594819065571798e+00
2.185465200000000095e+03,4.280589945599480473e+00
2.216246399999999994e+03,3.845649034059117621e+00
2.247027599999999893e+03,3.608751848415222785e+00
2.277808799999999792e+03,3.319508012718368040e+00
2.308589999999999691e+03,3.273344501775670157e+00
2.339371200000000044e+03,3.200914627047554806e+00
2.370152399999999943e+03,3.104419016960417110e+00
2.400933599999999842e+03,3.155370595588908422e+00
2.431714799999999741e+03,3.398181537097748617e+00
2.462496000000000095e+03,3.149726652662680149e+00
2.493277199999999993e+03,3.320246640897321466e+00
2.524058399999999892e+03,3.533222035694683960e+00
2.554839599999999791e+03,3.230843015906768922e+00
2.585620799999999690e+03,3.168272021125408511e+00
2.616402000000000044e+03,2.853148916008731550e+00
2.647183199999999943e+03,2.746377344624516770e+00
2.677964399999999841e+03,2.728072968694090772e+00
2.708745599999999740e+03,2.629657499302493040e+00
2.739526799999999639e+03,2.539007011512279810e+00
2.770307999999999993e+03,2.458022867405884160e+00
2.801089199999999892e+03,2.602903306904071457e+00
2.831870399999999790e+03,2.603138583592976563e+00
2.862651599999999689e+03,2.552229224761598747e+00
2.893432800000000043e+03,2.652806995856884065e+00
2.924213999999999942e+03,2.595041334218589846e+00
2.954995199999999841e+03,2.694047432021645427e+00
2.985776399999999740e+03,2.867747275754298553e+00
3.016557599999999638e+03,2.829078632664710824e+00
3.047338799999999992e+03,3.080917160297981905e+00
3.078119999999999891e+03,3.172472577718988163e+00
3.108901199999999790e+03,3.413087432267770449e+00
3.139682399999999689e+03,3.716453700149507267e+00
3.170463600000000042e+03,3.776388767610739716e+00
3.201244799999999941e+03,3.742576460323031817e+00
3.232025999999999840e+03,3.401252693938669136e+00
3.262807199999999739e+03,3.044486311577002446e+00
3.293588399999999638e+03,2.848222161117966778e+00
3.324369599999999991e+03,2.945428399411781584e+00
3.355150799999999890e+03,2.854179387893596154e+00
3.385931999999999789e+03,2.699396398983770151e+00
3.416713199999999688e+03,2.629734413050600850e+00
3.447494399999999587e+03,2.729071500155084706e+00
3.478275599999999940e+03,2.455219160692803992e+00
3.509056799999999839e+03,2.576911407575034119e+00
3.539837999999999738e+03,2.555820806429229375e+00
3.570619199999999637e+03,2.605618089987012720e+00
3.601400399999999991e+03,2.589804850404481051e+00
3.632181599999999889e+03,2.739410777279963849e+00
3.662962799999999788e+03,2.863032120947295311e+00
3.693743999999999687e+03,2.947710050531457959e+00
3.724525199999999586e+03,2.934860061028169653e+00
3.755306399999999940e+03,2.957228364171490487e+00
3.786087599999999838e+03,3.172614100534312254e+00
3.816868799999999737e+03,3.190436924149111508e+00
3.847649999999999636e+03,3.182309150802655751e+00
3.878431199999999990e+03,3.316942197914266366e+00
3.909212399999999889e+03,3.509015992844521037e+00
3.939993599999999788e+03,3.960281264427932602e+00
3.970774799999999686e+03,4.228403528851401916e+00
4.001555999999999585e+03,4.282755759983244204e+00
4.032337199999999939e+03,4.293067425075176580e+00
4.063118399999999838e+03,4.342350441585848486e+00
4.093899599999999737e+03,4.326492153110151229e+00
4.124680800000000090e+03,5.187340099905312307e+00
4.155461999999999534e+03,5.531480413066975466e+00
4.186243199999999888e+03,4.980390468603342669e+00
4.217024399999999332e+03,4.709613625516712254e+00
4.247805599999999686e+03,4.658607652207050975e+00
4.278586800000000039e+03,5.338011974545727512e+00
4.309367999999999483e+03,5.739810505519773898e+00
4.340149199999999837e+03,4.186147636205386213e+00
4.370930400000000191e+03,3.602798306586848298e+00
4.401711599999999635e+03,3.688986514543480144e+00
4.432492799999999988e+03,3.965380998725413608e+00
4.463273999999999432e+03,3.458420249257889711e+00
4.494055199999999786e+03,3.862536222497354288e+00
4.524836400000000140e+03,3.966149421670774000e+00
4.555617599999999584e+03,3.823284077009178716e+00
4.586398799999999937e+03,4.140555037415202477e+00
4.617179999999999382e+03,4.547984942073049375e+00
4.647961199999999735e+03,4.526590521811227674e+00
4.678742400000000089e+03,4.062993697196257692e+00
4.709523599999999533e+03,4.150007407571687956e+00
4.740304799999999886e+03,3.601648059534732660e+00
4.771085999999999331e+03,3.161308950594249989e+00
4.801867199999999684e+03,3.369572512752531779e+00
4.832648400000000038e+03,3.704401292253592715e+00
4.863429599999999482e+03,3.515012873905766000e+00
4.894210799999999836e+03,3.558590639720202287e+00
4.924992000000000189e+03,3.806738272415010282e+00
4.955773199999999633e+03,3.459544016033058611e+00
4.986554399999999987e+03,2.920385067474935425e+00
5.017335599999999431e+03,2.477570782273609939e+00
5.048116799999999785e+03,2.395392955144693303e+00
5.078898000000000138e+03,2.196824690368431643e+00
5.109679199999999582e+03,2.100263052992472623e+00
5.140460399999999936e+03,2.339464826378446549e+00
5.171241599999999380e+03,2.709798390766207543e+00
5.202022799999999734e+03,2.928726609851735940e+00
5.232804000000000087e+03,3.271035255239342909e+00
5.263585199999999531e+03,3.302013626728374618e+00
5.294366399999999885e+03,3.675205168656716204e+00
5.325147599999999329e+03,3.105234199107051118e+00
5.355928799999999683e+03,2.997459690573761382e+00
5.386710000000000036e+03,2.588385777848279723e+00
5.417491199999999480e+03,2.410782566104636704e+00
5.448272399999999834e+03,2.567696067296231011e+00
5.479053599999999278e+03,2.508001289215529450e+00
5.509834799999999632e+03,2.372032511145914402e+00
5.540615999999999985e+03,2.551158696139096627e+00
5.571397199999999430e+03,2.754095811725855381e+00
5.602178399999999783e+03,2.414674032715012242e+00
5.632959600000000137e+03,2.141607782336369947e+00
5.663740799999999581e+03,2.274587919419999160e+00
5.694521999999999935e+03,2.540459521946710986e+00
5.725303199999999379e+03,3.009221489195689880e+00
5.756084399999999732e+03,3.141724831317945554e+00
5.786865600000000086e+03,3.244098787161763919e+00
5.817646799999999530e+03,3.210768686850349329e+00
5.848427999999999884e+03,3.450114335917314090e+00
5.879209199999999328e+03,3.718152310807389505e+00
5.909990399999999681e+03,3.376597646957300913e+00
5.940771600000000035e+03,3.368240239324530982e+00
5.971552799999999479e+03,3.374130794329508021e+00
6.002333999999999833e+03,3.446303431021584984e+00
6.033115199999999277e+03,3.862029131365009693e+00
6.063896399999999630e+03,3.492752016284428773e+00
6.094677599999999984e+03,3.399011679922866680e+00
6.125458799999999428e+03,3.075016925095650500e+00
6.156239999999999782e+03,2.559298902567161527e+00
6.187021199999999226e+03,2.441956763116064355e+00
6.217802399999999579e+03,2.492614605931291027e+00
6.248583599999999933e+03,2.572434635573393802e+00
6.279364799999999377e+03,2.570129531335068940e+00
6.310145999999999731e+03,2.411299017931048283e+00
6.340927200000000084e+03,2.139803358081708851e+00
6.371708399999999529e+03,2.130343021183358498e+00
6.402489599999999882e+03,2.337559313651081272e+00
6.433270799999999326e+03,2.231017416913498863e+00
6.464051999999999680e+03,2.275489307667349248e+00
6.494833200000000033e+03,2.208580943222909099e+00
6.525614399999999478e+03,2.173361001159865413e+00
6.556395599999999831e+03,2.082851124237442786e+00
6.587176799999999275e+03,2.227400216681011180e+00
6.617957999999999629e+03,2.570254912085029986e+00
6.648739199999999983e+03,2.583109668819186133e+00
6.679520399999999427e+03,2.575611952848104735e+00
6.710301599999999780e+03,2.534121035711433656e+00
6.741082799999999224e+03,2.657972146471952790e+00
6.771863999999999578e+03,2.645178958358264776e+00
6.802645199999999932e+03,2.639897026854091333e+00
6.833426399999999376e+03,2.441348546073739634e+00
6.864207599999999729e+03,2.493789504274043001e+00
6.894988799999999173e+03,2.674278890667605157e+00
6.925769999999999527e+03,2.574597387901350842e+00
6.956551199999999881e+03,2.345371097393020410e+00
6.987332399999999325e+03,2.145726524033087834e+00
7.018113599999999678e+03,2.225138701753714976e+00
7.048894800000000032e+03,2.083220959758058211e+00
7.079675999999999476e+03,1.995788767834168587e+00
7.110457199999999830e+03,2.144137674857605536e+00
7.141238399999999274e+03,2.298935222550269053e+00
7.172019599999999627e+03,2.213104692112637384e+00
7.202800799999999981e+03,2.239078140545622375e+00
7.233581999999999425e+03,2.415529994192274543e+00
7.264363199999999779e+03,2.299861039159469378e+00
7.295144399999999223e+03,2.125734642761901494e+00
7.325925599999999577e+03,2.005736805994339900e+00
7.356706799999999930e+03,1.971601672910394010e+00
7.387487999999999374e+03,1.973775770270438157e+00
7.418269199999999728e+03,1.879409906824368814e+00
7.449050399999999172e+03,1.745159991699894331e+00
7.479831599999999526e+03,1.738438574253285518e+00
7.510612799999999879e+03,1.809750192020314286e+00
7.541393999999999323e+03,1.762584824113242465e+00
7.572175199999999677e+03,1.831345405418044470e+00
7.602956400000000031e+03,1.866721304066049747e+00
7.633737599999999475e+03,1.817194134767754043e+00
7.664518799999999828e+03,1.976718615282925251e+00
7.695299999999999272e+03,2.119741038807257283e+00
7.726081199999999626e+03,2.169993666860466686e+00
7.756862399999999980e+03,2.166015742023290613e+00
7.787643599999999424e+03,2.335428746100627784e+00
7.818424799999999777e+03,2.541234504511169057e+00
7.849205999999999221e+03,2.851066933714536233e+00
7.879987199999999575e+03,2.442326176020088280e+00
7.910768399999999929e+03,2.316228278923631034e+00
7.941549599999999373e+03,2.264185619683392048e+00
7.972330799999999726e+03,2.544385094570427164e+00
8.003111999999999171e+03,2.625798965692696996e+00
8.033893199999999524e+03,2.612507380144701852e+00
8.064674399999999878e+03,2.561184342015380810e+00
8.095455599999999322e+03,2.840983133861565868e+00
8.126236799999999675e+03,2.881825517522635050e+00
8.157017999999999120e+03,2.632898371414883698e+00
8.187799199999999473e+03,3.032973025069041206e+00
8.218580399999998917e+03,3.155034966635783089e+00
8.249361600000000180e+03,3.229121102898011575e+00
8.280142799999999625e+03,3.353049867461435518e+00
8.310923999999999069e+03,3.406372292295575477e+00
8.341705200000000332e+03,3.549067942527934783e+00
8.372486399999999776e+03,3.683135492659221466e+00
8.403267599999999220e+03,3.440155772307425863e+00
8.434048799999998664e+03,3.026585519211029141e+00
8.464829999999999927e+03,2.824154490352500435e+00
8.495611199999999371e+03,2.774868686566508202e+00
8.526392399999998815e+03,2.903434046469510310e+00
8.557173600000000079e+03,3.067204229892145584e+00
8.587954799999999523e+03,3.084980465232362246e+00
8.618735999999998967e+03,2.989187637888338411e+00
8.649517200000000230e+03,2.713047205054105682e+00
8.680298399999999674e+03,3.086670834888511017e+00
8.711079599999999118e+03,3.475912281700376028e+00
8.741860800000000381e+03,3.269946213824204584e+00
8.772641999999999825e+03,3.390410988797952552e+00
8.803423199999999269e+03,2.960355926426522011e+00
8.834204399999998714e+03,2.803336376171947197e+00
8.864985599999999977e+03,2.861906737133347089e+00
8.895766799999999421e+03,2.916247713882586190e+00
8.926547999999998865e+03,2.762248820780726977e+00
8.957329200000000128e+03,2.858306455595855056e+00
8.988110399999999572e+03,3.337771391392569065e+00
9.018891599999999016e+03,3.571318875493477041e+00
9.049672800000000279e+03,3.386701526061355771e+00
9.080453999999999724e+03,3.067785360646133608e+00
9.111235199999999168e+03,2.948437850909308544e+00
9.142016399999998612e+03,2.657392414350213450e+00
9.172797599999999875e+03,2.623850097835883854e+00
9.203578799999999319e+03,2.234802310020944205e+00
9.234359999999998763e+03,2.536813871830244427e+00
9.265141200000000026e+03,2.707881068449529138e+00
9.295922399999999470e+03,2.712117193506030421e+00
9.326703599999998914e+03,2.920698834310262448e+00
9.357484800000000178e+03,2.561671438684339996e+00
9.388265999999999622e+03,2.559968699779904711e+00
9.419047199999999066e+03,2.476766506490897690e+00
9.449828400000000329e+03,2.379496035793296826e+00
9.480609599999999773e+03,2.330660201332673154e+00
9.511390799999999217e+03,2.278936331761499456e+00
9.542171999999998661e+03,2.453555428151609430e+00
9.572953199999999924e+03,2.666754555344832411e+00
9.603734399999999368e+03,3.033792606189647412e+00
9.634515599999998813e+03,3.628123124450544523e+00
9.665296800000000076e+03,2.940116934969077889e+00
9.696077999999999520e+03,2.442268870069626896e+00
9.726859199999998964e+03,2.345606494147118859e+00
9.757640400000000227e+03,2.377435219412992851e+00
9.788421599999999671e+03,2.577986477785694230e+00
9.819202799999999115e+03,2.464176798602079277e+00
9.849984000000000378e+03,2.407439525169289052e+00
9.880765199999999822e+03,2.599665497760917710e+00
9.911546399999999267e+03,3.044286015235086129e+00
9.942327599999998711e+03,3.831251874811488545e+00
9.973108799999999974e+03,3.663379739549710301e+00
1.000388999999999942e+04,3.288328004479729838e+00
1.003467119999999886e+04,3.444619656835050669e+00
1.006545240000000013e+04,3.059776276831219555e+00
1.009623359999999957e+04,3.019513433690964366e+00
1.012701479999999901e+04,3.102630379098730629e+00
1.015779600000000028e+04,3.198880965103536589e+00
1.018857719999999972e+04,3.575076047495989062e+00
1.021935839999999916e+04,3.519697832959721495e+00
1.025013959999999861e+04,3.767098670446424435e+00
1.028092079999999987e+04,3.389201522161401581e+00
1.031170199999999932e+04,3.475984562743259954e+00
1.034248319999999876e+04,3.446262409260361093e+00
1.037326440000000002e+04,3.311137749350297810e+00
1.040404559999999947e+04,3.366881579511697531e+00
1.043482679999999891e+04,3.254860062294562262e+00
1.046560800000000017e+04,2.816534480716503808e+00
1.049638919999999962e+04,2.699182119291249737e+00
1.052717039999999906e+04,2.822732268627273111e+00
1.055795160000000033e+04,3.103846085888138706e+00
1.058873279999999977e+04,2.747226514438977585e+00
1.061951399999999921e+04,2.426688156120683892e+00
1.065029519999999866e+04,2.580751536085817754e+00
1.068107639999999992e+04,2.532560021226714309e+00
1.071185759999999937e+04,2.645405080009339827e+00
1.074263879999999881e+04,2.551497360364302747e+00
1.077342000000000007e+04,2.468738638007581088e+00
1.080420119999999952e+04,2.343489517851232939e+00
1.083498239999999896e+04,2.198618735779469535e+00
1.086576360000000022e+04,2.258287089934813086e+00
1.089654479999999967e+04,2.481945101382513119e+00
1.092732599999999911e+04,2.578228625854268596e+00
1.095810719999999856e+04,2.255451259777365713e+00
1.098888839999999982e+04,1.945931859991267387e+00
1.101966959999999926e+04,2.258447973698276989e+00
1.105045079999999871e+04,2.398856620682329854e+00
1.108123199999999997e+04,2.387172020422112517e+00
1.111201319999999942e+04,2.240721885252672241e+00
1.114279439999999886e+04,2.292759685986997642e+00
1.117357560000000012e+04,2.581584826785466635e+00
1.120435679999999957e+04,2.394984038859414799e+00
1.123513799999999901e+04,2.251819813538008752e+00
1.126591920000000027e+04,2.094012283437256539e+00
1.129670039999999972e+04,1.927136972216619837e+00
1.132748159999999916e+04,2.027078470817407219e+00
1.135826279999999861e+04,2.243019542761441887e+00
1.138904399999999987e+04,2.068227343265705898e+00
1.141982519999999931e+04,1.967682013839697097e+00
1.145060639999999876e+04,1.714498723347183340e+00
1.148138760000000002e+04,1.674218202079653217e+00
1.151216879999999946e+04,1.740426075814550444e+00
1.154294999999999891e+04,1.550297486968550187e+00
1.157373120000000017e+04,1.399122092988538624e+00
1.160451239999999962e+04,1.576886023159701944e+00
1.163529359999999906e+04,1.683911740422515013e+00
1.166607479999999850e+04,1.743154648325371703e+00
1.169685599999999977e+04,1.695881380391567328e+00
1.172763719999999921e+04,1.631440820936660652e+00
1.175841839999999866e+04,1.685978065107012425e+00
1.178919959999999992e+04,1.524953213974990840e+00
1.181998079999999936e+04,1.689481646981422447e+00
1.185076199999999881e+04,1.688177163345800480e+00
1.188154320000000007e+04,1.650406927481308683e+00
1.191232439999999951e+04,1.661948059578289394e+00
1.194310559999999896e+04,1.671094729952966595e+00
1.197388680000000022e+04,1.808747756165941301e+00
1.200466799999999967e+04,2.053397225163457573e+00
1.203544919999999911e+04,2.040460723199867044e+00
1.206623039999999855e+04,2.105627021906628205e+00
1.209701159999999982e+04,2.424361430093594283e+00
1.212779279999999926e+04,2.612032309725187851e+00
1.215857399999999870e+04,2.839489623174235255e+00
1.218935519999999997e+04,2.535872469976589549e+00
1.222013639999999941e+04,2.435298127983999361e+00
1.225091759999999886e+04,2.679166873076633149e+00
1.228169880000000012e+04,2.334189781295101795e+00
1.231247999999999956e+04,2.488936084041607710e+00
1.234326119999999901e+04,2.421557055256199575e+00
1.237404239999999845e+04,2.682796135411322336e+00
1.240482359999999971e+04,2.744734752202663497e+00
1.243560479999999916e+04,2.972818502587504241e+00
1.246638599999999860e+04,3.183347814600212988e+00
1.249716719999999987e+04,3.285782910339500873e+00
1.252794839999999931e+04,3.547153175128621161e+00
1.255872959999999875e+04,3.371706276477348219e+00
1.258951080000000002e+04,3.196899060115672597e+00
1.262029199999999946e+04,3.643125719262012119e+00
1.265107319999999891e+04,3.404946804777063907e+00
1.268185440000000017e+04,3.078357984849021900e+00
1.271263559999999961e+04,2.709568298150486498e+00
1.274341679999999906e+04,2.793331205110946680e+00
1.277419799999999850e+04,3.110751525816576102e+00
1.280497919999999976e+04,3.556769826321477090e+00
1.283576039999999921e+04,3.875100602639171221e+00
1.286654159999999865e+04,3.400561112389081320e+00
1.289732279999999992e+04,3.044475733566007758e+00
1.292810399999999936e+04,2.909074456894122029e+00
1.295888519999999880e+04,2.695371694031597265e+00
1.298966640000000007e+04,2.851898282428515063e+00
1.302044759999999951e+04,2.474375483564578371e+00
1.305122879999999896e+04,2.450221281893941949e+00
1.308200999999999840e+04,2.556804048390268758e+00
1.311279119999999966e+04,2.540767595934006806e+00
1.314357239999999911e+04,2.925032476957996508e+00
1.317435359999999855e+04,2.790711169103377021e+00
1.320513479999999981e+04,2.827156593720514088e+00
1.323591599999999926e+04,3.100895205231501972e+00
1.326669719999999870e+04,3.682987742607978898e+00
1.329747839999999997e+04,4.020532020720856359e+00
1.332825959999999941e+04,4.096060859366089879e+00
1.335904079999999885e+04,4.088329750241356919e+00
1.338982200000000012e+04,3.983042378378957249e+00
1.342060319999999956e+04,3.820307258776729498e+00
1.345138439999999900e+04,3.716045644080289811e+00
1.348216559999999845e+04,3.847937027537172039e+00
1.351294679999999971e+04,4.419741894344336508e+00
1.354372799999999916e+04,4.670146257191459149e+00
1.357450919999999860e+04,4.989824028702751768e+00
1.360529039999999986e+04,5.128537804125305577e+00
1.363607159999999931e+04,4.877279584307666838e+00
1.366685279999999875e+04,4.331662835443034432e+00
1.369763400000000001e+04,4.362772134554146142e+00
1.372841519999999946e+04,4.254898795200952044e+00
1.375919639999999890e+04,4.312252695219066290e+00
1.378997759999999835e+04,4.125947446779067995e+00
1.382075879999999961e+04,4.212504122513065496e+00
1.385153999999999905e+04,3.932516149163352903e+00
1.388232119999999850e+04,3.850459395137701080e+00
1.391310239999999976e+04,3.587319979828229588e+00
1.394388359999999921e+04,3.418632327018857886e+00
1.397466479999999865e+04,3.358964340023379958e+00
1.400544599999999991e+04,3.087449828800438389e+00
1.403622719999999936e+04,3.092257586159854466e+00
1.406700839999999880e+04,2.578215340879045581e+00
1.409778960000000006e+04,2.338697639738369638e+00
1.412857079999999951e+04,2.192373106998115162e+00
1.415935199999999895e+04,2.068400960175462266e+00
1.419013319999999840e+04,2.244216341836740014e+00
1.422091439999999966e+04,2.151682361597598181e+00
1.425169559999999910e+04,2.162240218254292579e+00
1.428247679999999855e+04,1.996361747019799182e+00
1.431325799999999981e+04,2.064950944533918253e+00
1.434403919999999925e+04,2.150273367337024677e+00
1.437482039999999870e+04,2.319495729537122575e+00
1.440560159999999996e+04,2.415067966132657062e+00
1.443638279999999941e+04,2.158799454957663233e+00
1.446716399999999885e+04,2.290556803448171586e+00
1.449794520000000011e+04,2.419299106636198626e+00
1.452872639999999956e+04,2.503855285830672628e+00
1.455950759999999900e+04,2.517697872267218528e+00
1.459028879999999845e+04,2.538470806305899607e+00
1.462106999999999971e+04,2.472324087144094129e+00
1.465185119999999915e+04,2.482211633612644963e+00
1.468263239999999860e+04,2.343077316506297247e+00
1.471341359999999986e+04,2.116563953262806663e+00
1.474419479999999930e+04,2.186168021992184851e+00
1.477497599999999875e+04,2.037703337102528600e+00
1.480575720000000001e+04,2.082072956011963072e+00
1.483653839999999946e+04,2.048467435869948616e+00
1.486731959999999890e+04,2.007750274780553568e+00
1.489810079999999834e+04,2.034922654114532659e+00
1.492888199999999961e+04,2.333653552792291030e+00
1.495966319999999905e+04,2.112357745742197146e+00
1.499044439999999850e+04,2.081310644489056116e+00
1.502122559999999976e+04,1.941513120494940070e+00
1.505200679999999920e+04,2.132098655684160793e+00
1.508278799999999865e+04,2.075128463635314446e+00
1.511356919999999991e+04,2.063218332472092520e+00
1.514435039999999935e+04,1.932982809849305372e+00
1.517513159999999880e+04,2.069413604476704638e+00
1.520591280000000006e+04,2.120778180813132963e+00
1.523669399999999951e+04,2.211437903328798082e+00
1.526747519999999895e+04,2.212050955358683790e+00
1.529825639999999839e+04,2.088727611101677706e+00
1.532903759999999966e+04,1.925017771351521301e+00
1.535981879999999910e+04,1.963331571679595378e+00
1.539059999999999854e+04,2.169540653286822440e+00
1.542138119999999981e+04,2.288349685240711917e+00
1.545216239999999925e+04,2.348599810436315938e+00
1.548294359999999870e+04,2.196806025243744909e+00
1.551372479999999996e+04,2.243652726433386313e+00
1.554450599999999940e+04,2.471563858666903979e+00
1.557528719999999885e+04,2.536283651416867624e+00
1.560606839999999829e+04,2.684739694963562684e+00
1.563684959999999955e+04,2.733730149886573368e+00
1.566763079999999900e+04,2.720833768310748635e+00
1.569841199999999844e+04,2.292778083622784902e+00
1.572919319999999971e+04,2.583925643561891139e+00
1.575997439999999915e+04,2.529775473043471390e+00
1.579075559999999859e+04,2.534859227181305297e+00
1.582153679999999986e+04,2.683132101299088745e+00
1.585231799999999930e+04,2.775262340463049870e+00
1.588309919999999875e+04,2.554858982203883855e+00
1.591388040000000001e+04,2.746682326526664664e+00
1.594466159999999945e+04,2.305678544979221645e+00
1.597544279999999890e+04,2.129804329405068142e+00
1.600622399999999834e+04,2.020222307855300325e+00
1.603700519999999960e+04,2.222272167201854831e+00
1.606778639999999905e+04,2.141523185078158420e+00
1.609856759999999849e+04,2.370848313836364518e+00
1.612934879999999976e+04,2.547805622461023489e+00
1.616012999999999920e+04,2.702735199123339704e+00
1.619091119999999864e+04,2.676535463571954931e+00
1.622169239999999991e+04,2.836909861330013882e+00
1.625247359999999935e+04,2.528706400028525092e+00
1.628325479999999880e+04,1.906595735422166538e+00
1.631403599999999824e+04,1.978526813433260090e+00
1.634481719999999950e+04,1.996101749510870826e+00
1.637559839999999895e+04,1.920837429288285048e+00
1.640637960000000021e+04,2.052712353138161916e+00
1.643716079999999783e+04,2.195888734669084741e+00
1.646794199999999910e+04,2.439734911605394352e+00
1.649872320000000036e+04,2.630551760037092901e+00
1.652950439999999799e+04,2.282033604249972036e+00
1.656028559999999925e+04,1.895233104279205216e+00
1.659106680000000051e+04,1.788637391882574201e+00
1.662184799999999814e+04,1.881154434076731219e+00
1.665262919999999940e+04,1.938863612366536149e+00
1.668341040000000066e+04,2.057877236383633512e+00
1.671419159999999829e+04,2.188364280386547289e+00
1.674497279999999955e+04,2.226475068799623536e+00
1.677575400000000081e+04,2.399524314031669547e+00
1.680653519999999844e+04,2.894539508259674321e+00
1.683731639999999970e+04,3.427149166321467266e+00
1.686809759999999733e+04,2.383047361146868770e+00
1.689887879999999859e+04,1.795466409443832401e+00
1.692965999999999985e+04,1.830540722038819457e+00
1.696044119999999748e+04,1.717780308038591608e+00
1.699122239999999874e+04,1.890862369680800459e+00
1.702200360000000001e+04,1.715841819076082242e+00
1.705278479999999763e+04,1.786204612818600435e+00
1.708356599999999889e+04,1.893533344646046057e+00
1.711434720000000016e+04,1.873154130707371579e+00
1.714512839999999778e+04,1.610033631744334004e+00
1.717590959999999905e+04,1.502822259931632320e+00
1.720669080000000031e+04,1.433312132729822164e+00
1.723747199999999793e+04,1.584691906692078600e+00
1.726825319999999920e+04,1.604265291072800359e+00
1.729903440000000046e+04,1.596723065404226594e+00
1.732981559999999808e+04,1.531433482617142072e+00
1.736059679999999935e+04,1.550263031973579952e+00
1.739137800000000061e+04,1.662140538178703331e+00
1.742215919999999824e+04,1.709133760408376057e+00
1.745294039999999950e+04,1.791854473945996507e+00
1.748372160000000076e+04,1.972831021691735742e+00
1.751450279999999839e+04,1.938123309866439214e+00
1.754528399999999965e+04,1.922954930679924512e+00
1.757606519999999728e+04,1.989892124370097770e+00
1.760684639999999854e+04,2.060525495972221677e+00
1.763762759999999980e+04,2.182032547127528588e+00
1.766840879999999743e+04,2.106445329752570039e+00
1.769918999999999869e+04,2.070759501059191710e+00
1.772997119999999995e+04,2.043143900571804839e+00
1.776075239999999758e+04,2.022015883845005302e+00
1.779153359999999884e+04,1.922294526212176002e+00
1.782231480000000010e+04,1.916522279047641719e+00
1.785309599999999773e+04,2.195287905982179044e+00
1.788387719999999899e+04,2.213467083718440254e+00
1.791465840000000026e+04,2.373331488598527717e+00
1.794543959999999788e+04,2.317568470233540623e+00
1.797622079999999914e+04,1.961852547532277002e+00
1.800700200000000041e+04,1.720514544314496463e+00
1.803778319999999803e+04,1.705309266885373987e+00
1.806856439999999930e+04,1.642933725621487762e+00
1.809934560000000056e+04,1.756268259527150599e+00
1.813012679999999818e+04,1.851757946812994993e+00
1.816090799999999945e+04,2.151007705825038308e+00
1.819168920000000071e+04,2.503778793196828278e+00
1.822247039999999834e+04,2.242992103537824633e+00
1.825325159999999960e+04,2.067709986930267529e+00
1.828403279999999722e+04,2.243361214768619494e+00
1.831481399999999849e+04,2.524463778534553615e+00
1.834559519999999975e+04,2.758201727138464676e+00
1.837637639999999737e+04,2.643493958023483970e+00
1.840715759999999864e+04,2.725233092375917376e+00
1.843793879999999990e+04,2.601768116138851727e+00
1.846871999999999753e+04,2.576991154396411243e+00
1.849950119999999879e+04,2.341725451635722433e+00
1.853028240000000005e+04,2.495115106281673434e+00
1.856106359999999768e+04,2.772217288574860827e+00
1.859184479999999894e+04,2.323788928883656624e+00
1.862262600000000020e+04,2.042425783497454184e+00
1.865340719999999783e+04,2.045070685376741970e+00
1.868418839999999909e+04,2.142822483960225899e+00
1.871496960000000036e+04,1.982325560630570305e+00
1.874575079999999798e+04,1.975064012694032423e+00
1.877653199999999924e+04,1.969759199574311115e+00
1.880731320000000051e+04,2.233828951740886026e+00
1.883809439999999813e+04,2.082363250351228601e+00
1.886887559999999939e+04,1.791894321054524619e+00
1.889965680000000066e+04,1.638921758991634725e+00
1.893043799999999828e+04,1.680545988941549718e+00
1.896121919999999955e+04,1.615974530374389762e+00
1.899200039999999717e+04,1.603851308975060563e+00
1.902278159999999843e+04,1.603993361707884757e+00
1.905356279999999970e+04,1.623792612592710460e+00
1.908434399999999732e+04,1.812530291013651595e+00
1.911512519999999859e+04,1.729336833503278603e+00
1.914590639999999985e+04,1.725484423403872869e+00
1.917668759999999747e+04,1.854222530861472151e+00
1.920746879999999874e+04,1.686323201680063333e+00
1.923825000000000000e+04,1.721675039915803840e+00
1.926903119999999763e+04,1.854391674734909623e+00
1.929981239999999889e+04,2.137285125198763680e+00
1.933059360000000015e+04,1.927375514331332473e+00
1.936137479999999778e+04,1.875270823310819290e+00
1.939215599999999904e+04,1.800656835602856054e+00
1.942293720000000030e+04,1.739230455956168431e+00
1.945371839999999793e+04,2.043646068346664624e+00
1.948449959999999919e+04,1.773906700452980711e+00
1.951528080000000045e+04,1.555900642207574514e+00
1.954606199999999808e+04,1.528283257499883696e+00
1.957684319999999934e+04,1.407441312351178642e+00
1.960762440000000061e+04,1.249305643922103304e+00
1.963840559999999823e+04,1.465580150332748355e+00
1.966918679999999949e+04,1.639373670254419268e+00
1.969996800000000076e+04,1.649486689324124900e+00
1.973074919999999838e+04,1.651567886268046959e+00
1.976153039999999964e+04,1.641278363966065967e+00
1.979231159999999727e+04,1.774725709699511489e+00
1.982309279999999853e+04,1.770327258187884611e+00
1.985387399999999980e+04,1.809895859948680519e+00
1.988465519999999742e+04,1.855825136979689871e+00
1.991543639999999868e+04,1.946625720130433779e+00
1.994621759999999995e+04,1.826185506972110684e+00
1.997699879999999757e+04,1.871420156868282003e+00
2.000777999999999884e+04,1.851993540683268602e+00
2.003856120000000010e+04,1.984352220790112975e+00
2.006934239999999772e+04,2.019962596934580024e+00
2.010012359999999899e+04,1.962757604267904021e+00
2.013090480000000025e+04,2.091401710952991877e+00
2.016168599999999788e+04,2.321581571520037635e+00
2.019246719999999914e+04,2.309665069943765303e+00
2.022324840000000040e+04,2.458253823678629324e+00
2.025402959999999803e+04,2.350821424263679571e+00
2.028481079999999929e+04,2.564376235704679985e+00
2.031559200000000055e+04,2.612723266827163382e+00
2.034637319999999818e+04,2.596226050300851629e+00
2.037715439999999944e+04,2.566791104875145280e+00
2.040793560000000070e+04,2.317841130252215720e+00
2.043871679999999833e+04,2.459939931480382924e+00
2.046949799999999959e+04,2.536430367699076704e+00
2.050027919999999722e+04,2.499308050558499250e+00
2.053106039999999848e+04,2.698397611834735255e+00
2.056184159999999974e+04,2.425273211940994322e+00
2.059262279999999737e+04,2.438504578420965796e+00
2.062340399999999863e+04,2.892827664839588753e+00
2.065418519999999990e+04,3.216359670836265838e+00
2.068496639999999752e+04,3.980010008154940326e+00
2.071574759999999878e+04,4.040374774319412943e+00
2.074652880000000005e+04,2.635292576895480909e+00
2.077730999999999767e+04,2.218928427401389403e+00
2.080809119999999893e+04,2.092960337840597429e+00
2.083887240000000020e+04,1.984759252651217665e+00
2.086965359999999782e+04,2.141569549326431510e+00
2.090043479999999909e+04,2.160674219490552161e+00
2.093121600000000035e+04,2.197759589549594939e+00
2.096199719999999797e+04,2.295888264181805472e+00
2.099277839999999924e+04,2.391173692882946344e+00
2.102355960000000050e+04,2.485695570348857242e+00
2.105434079999999813e+04,2.733688421760993137e+00
2.108512199999999939e+04,3.159621416897211432e+00
2.111590320000000065e+04,3.069345202027089048e+00
2.114668439999999828e+04,2.797878348226119805e+00
2.117746559999999954e+04,2.740768675292600598e+00
2.120824679999999717e+04,2.918845592544895506e+00
2.123902799999999843e+04,3.354213263652747745e+00
2.126980919999999969e+04,3.209250204608461665e+00
2.130059039999999732e+04,2.877507050707472480e+00
2.133137159999999858e+04,3.016671428450822035e+00
2.136215279999999984e+04,2.512539962863103771e+00
2.139293399999999747e+04,2.288967007588910363e+00
2.142371519999999873e+04,1.905306497993058068e+00
2.145449639999999999e+04,1.597289069825581054e+00
2.148527759999999762e+04,1.594617484600445945e+00
2.151605879999999888e+04,1.505728304419307273e+00
2.154684000000000015e+04,1.396508595154915211e+00
2.157762119999999777e+04,1.371933930482892583e+00
2.160840239999999903e+04,1.419649165909834698e+00
2.163918360000000030e+04,1.599541202903765003e+00
2.166996479999999792e+04,1.721653198931432760e+00
2.170074599999999919e+04,1.695053349889788175e+00
2.173152720000000045e+04,1.746110938085484898e+00
2.176230839999999807e+04,1.540204317769239717e+00
2.179308959999999934e+04,1.542097941128929506e+00
2.182387080000000060e+04,1.411897062499662292e+00
2.185465199999999822e+04,1.366619798403267305e+00
2.188543319999999949e+04,1.520192924379917931e+00
2.191621439999999711e+04,1.541187138697581727e+00
2.194699559999999838e+04,1.763873909042702692e+00
2.197777679999999964e+04,1.781593632053433574e+00
2.200855799999999726e+04,1.687217093788089928e+00
2.203933919999999853e+04,1.589481320805805398e+00
2.207012039999999979e+04,1.365902394919843221e+00
2.210090159999999742e+04,1.297274490461552743e+00
2.213168279999999868e+04,1.291494644776210343e+00
2.216246399999999994e+04,1.350343419074464979e+00
2.219324519999999757e+04,1.621103965359772081e+00
2.222402639999999883e+04,1.645687345244981392e+00
2.225480760000000009e+04,1.578611699143938063e+00
2.228558879999999772e+04,1.858981193500944595e+00
2.231636999999999898e+04,1.718389813413338629e+00
2.234715120000000024e+04,1.822127257865315819e+00
2.237793239999999787e+04,1.726397214197171959e+00
2.240871359999999913e+04,1.505367677312055452e+00
2.243949480000000040e+04,1.459749642143346238e+00
2.247027599999999802e+04,1.655958481311933461e+00
2.250105719999999928e+04,1.677396215924999323e+00
2.253183840000000055e+04,1.403934353820846415e+00
2.256261959999999817e+04,1.359511377381583452e+00
2.259340079999999944e+04,1.440701420376079733e+00
2.262418199999999706e+04,1.503646364850201644e+00
2.265496319999999832e+04,1.445885640227022817e+00
2.268574439999999959e+04,1.685569230320553613e+00
2.271652559999999721e+04,1.926801445964373860e+00
2.274730679999999847e+04,1.621672970831154359e+00
2.277808799999999974e+04,1.383120037712898265e+00
2.280886919999999736e+04,1.301953888221665023e+00
2.283965039999999863e+04,1.142063020465670986e+00
2.287043159999999989e+04,1.212500139887328299e+00
2.290121279999999751e+04,1.299472262274436130e+00
2.293199399999999878e+04,1.242735942461923315e+00
2.296277520000000004e+04,1.359440551044130086e+00
2.299355639999999767e+04,1.391176032257871009e+00
2.302433759999999893e+04,1.518305223880677790e+00
2.305511880000000019e+04,1.578220443636944914e+00
2.308589999999999782e+04,1.481709711484551883e+00
2.311668119999999908e+04,1.278114162072189641e+00
2.314746240000000034e+04,1.346306728324250690e+00
2.317824359999999797e+04,1.547940894027904468e+00
2.320902479999999923e+04,1.743556502900831973e+00
2.323980600000000049e+04,1.950784129935673183e+00
2.327058719999999812e+04,1.773751172500343198e+00
2.330136839999999938e+04,1.658100346543169845e+00
2.333214959999999701e+04,1.630342621326175134e+00
2.336293079999999827e+04,1.673151695843322795e+00
2.339371199999999953e+04,1.745474566708703712e+00
2.342449319999999716e+04,1.762359857987148892e+00
2.345527439999999842e+04,1.815422323187276366e+00
2.348605559999999969e+04,1.932523173720221754e+00
2.351683679999999731e+04,1.761525336403716224e+00
2.354761799999999857e+04,1.735214423422738905e+00
2.357839919999999984e+04,1.771207635187004525e+00
2.360918039999999746e+04,1.757226632824959722e+00
2.363996159999999873e+04,1.588309599170937059e+00
2.367074279999999999e+04,1.464869917528573540e+00
2.370152399999999761e+04,1.681441555478376593e+00
2.373230519999999888e+04,1.805746197732798208e+00
2.376308640000000014e+04,2.005031735981833929e+00
2.379386759999999776e+04,2.218852956251085029e+00
2.382464879999999903e+04,2.231680721614586194e+00
2.385543000000000029e+04,1.922411909315012934e+00
2.388621119999999792e+04,2.093514652040941559e+00
2.391699239999999918e+04,2.086093298829645004e+00
2.394777360000000044e+04,2.082746174718322241e+00
2.397855479999999807e+04,2.219244412464290939e+00
2.400933599999999933e+04,2.039530380945083543e+00
2.404011719999999696e+04,2.418392647235608983e+00
2.407089839999999822e+04,2.659422500039891002e+00
2.410167959999999948e+04,2.918158999474023574e+00
2.413246079999999711e+04,2.932234264973862192e+00
2.416324199999999837e+04,2.445938564528713499e+00
2.419402319999999963e+04,2.310869305763755488e+00
2.422480439999999726e+04,2.152891854961155982e+00
2.425558559999999852e+04,2.073752052545481561e+00
2.428636679999999978e+04,2.278744833973634698e+00
2.431714799999999741e+04,2.578933543138292261e+00
2.434792919999999867e+04,2.422385571862776033e+00
2.437871039999999994e+04,2.145692092680690166e+00
2.440949159999999756e+04,2.673491256517572356e+00
2.444027279999999882e+04,2.450119105142271714e+00
2.447105400000000009e+04,1.738304442420356866e+00
2.450183519999999771e+04,1.481323366739772274e+00
2.453261639999999898e+04,1.488520528059149362e+00
2.456339760000000024e+04,1.555987686619773491e+00
2.459417879999999786e+04,1.671180146113915077e+00
2.462495999999999913e+04,1.731435308869803791e+00
2.465574120000000039e+04,1.647218367631067659e+00
2.468652239999999802e+04,1.793315182299690003e+00
2.471730359999999928e+04,1.872221181258306721e+00
2.474808479999999690e+04,1.853276104885917430e+00
2.477886599999999817e+04,1.821320625436771534e+00
2.480964719999999943e+04,1.952122801893797721e+00
2.484042839999999705e+04,1.883108642374961450e+00
2.487120959999999832e+04,1.807696592146290193e+00
2.490199079999999958e+04,1.672838538868258729e+00
2.493277199999999721e+04,1.449410788987596677e+00
2.496355319999999847e+04,1.429274264937228756e+00
2.499433439999999973e+04,1.467392266800204181e+00
2.502511559999999736e+04,1.451544966448840457e+00
2.505589679999999862e+04,1.397632865309438976e+00
2.508667799999999988e+04,1.492295701343350434e+00
2.511745919999999751e+04,1.534796867408544374e+00
2.514824039999999877e+04,1.613293685313359482e+00
2.517902160000000003e+04,1.762448093147205519e+00
2.520980279999999766e+04,1.926742588000525114e+00
2.524058399999999892e+04,1.926498283128827094e+00
2.527136520000000019e+04,1.797368751431557499e+00
2.530214639999999781e+04,1.585331521692196155e+00
2.533292759999999907e+04,1.588883049710644979e+00
2.536370880000000034e+04,1.605124460353056337e+00
2.539448999999999796e+04,1.654927132467065354e+00
2.542527119999999923e+04,1.564122927828526022e+00
2.545605239999999685e+04,1.408429544696119029e+00
2.548683359999999811e+04,1.415057032048305574e+00
2.551761479999999938e+04,1.475975781771288409e+00
2.554839599999999700e+04,1.457188433510906433e+00
2.557917719999999827e+04,1.473446141017307642e+00
2.560995839999999953e+04,1.581746678662583783e+00
2.564073959999999715e+04,1.709517282165303076e+00
2.567152079999999842e+04,1.951127268987864261e+00
2.570230199999999968e+04,1.994568112677826077e+00
2.573308319999999730e+04,1.929026947513330814e+00
2.576386439999999857e+04,1.987606278355432243e+00
2.579464559999999983e+04,2.010884237329124247e+00
2.582542679999999746e+04,2.075505653064214862e+00
2.585620799999999872e+04,2.264913913018441249e+00
2.588698919999999998e+04,2.228687348241322752e+00
2.591777039999999761e+04,2.134104280041829060e+00
2.594855159999999887e+04,2.140434302063364491e+00
2.597933280000000013e+04,2.338838904937893926e+00
2.601011399999999776e+04,2.423576670675873679e+00
2.604089519999999902e+04,2.183712344298512686e+00
2.607167640000000029e+04,2.141134837442102867e+00
2.610245759999999791e+04,2.315700299238681481e+00
2.613323879999999917e+04,2.077483627878255579e+00
2.616401999999999680e+04,2.121091388829777991e+00
2.619480119999999806e+04,1.925133770656119347e+00
2.622558239999999932e+04,2.087914612509205181e+00
2.625636359999999695e+04,2.050044025699177652e+00
2.628714479999999821e+04,2.283756216576078746e+00
2.631792599999999948e+04,2.026018966780345210e+00
2.634870719999999710e+04,1.829395813644592250e+00
2.637948839999999836e+04,1.532394940619620671e+00
2.641026959999999963e+04,1.423783595392984269e+00
2.644105079999999725e+04,1.416921629085655665e+00
2.647183199999999852e+04,1.491637108899391162e+00
2.650261319999999978e+04,1.476326515201122680e+00
2.653339439999999740e+04,1.584955983698655979e+00
2.656417559999999867e+04,1.613749132146800713e+00
2.659495679999999993e+04,1.665222998902751605e+00
2.662573799999999756e+04,1.796929039261739414e+00
2.665651919999999882e+04,1.734743129230158054e+00
2.668730040000000008e+04,1.705431461056867715e+00
2.671808159999999771e+04,1.860175433402265099e+00
2.674886279999999897e+04,2.023800511073306385e+00
2.677964400000000023e+04,2.051734058984142184e+00
2.681042519999999786e+04,1.903888143521513587e+00
2.684120639999999912e+04,1.871336732791918145e+00
2.687198759999999675e+04,2.013539416268605997e+00
2.690276879999999801e+04,2.089921998948661042e+00
2.693354999999999927e+04,2.125223458965584289e+00
2.696433119999999690e+04,1.808959478700936208e+00
2.699511239999999816e+04,1.831541985836134367e+00
2.702589359999999942e+04,1.939301862482719629e+00
2.705667479999999705e+04,2.009235664256220577e+00
2.708745599999999831e+04,2.319937045475894966e+00
2.711823719999999958e+04,2.659370030742590707e+00
2.714901839999999720e+04,3.356673070543916282e+00
2.717979959999999846e+04,2.874624993153610752e+00
2.721058079999999973e+04,2.385474323980165234e+00
2.724136199999999735e+04,2.391719766204171371e+00
2.727214319999999861e+04,2.243433374581574657e+00
2.730292439999999988e+04,1.940005935411509119e+00
2.733370559999999750e+04,1.719136511747277440e+00
2.736448679999999877e+04,1.752734603072208408e+00
2.739526800000000003e+04,1.748542549770240262e+00
2.742604919999999765e+04,1.704363815970630691e+00
2.745683039999999892e+04,1.634605176317948994e+00
2.748761160000000018e+04,1.557299486483432638e+00
2.751839279999999781e+04,1.507115845615024652e+00
2.754917399999999907e+04,1.477296011850963486e+00
2.757995519999999669e+04,1.544588511671493025e+00
2.761073639999999796e+04,1.549054834759083121e+00
2.764151759999999922e+04,1.505585608009916143e+00
2.767229879999999685e+04,1.475615292669213874e+00
2.770307999999999811e+04,1.352005876289962272e+00
2.773386119999999937e+04,1.408263668792090639e+00
2.776464239999999700e+04,1.617775012991521377e+00
2.779542359999999826e+04,1.529731569817303738e+00
2.782620479999999952e+04,1.475554086257429010e+00
2.785698599999999715e+04,1.499196888908459702e+00
2.788776719999999841e+04,1.755132732563011499e+00
2.791854839999999967e+04,1.901277298068777322e+00
2.794932959999999730e+04,1.775945289170318020e+00
2.798011079999999856e+04,1.715816241248029783e+00
2.801089199999999983e+04,1.823176549321310791e+00
2.804167319999999745e+04,1.717815872024670343e+00
2.807245439999999871e+04,1.571914246044109786e+00
2.810323559999999998e+04,1.955635551868456945e+00
2.813401679999999760e+04,2.097526623400513213e+00
2.816479799999999886e+04,2.488313400257645913e+00
2.819557920000000013e+04,2.287740636070406453e+00
2.822636039999999775e+04,1.739702142818924768e+00
2.825714159999999902e+04,1.643398891110251281e+00
2.828792280000000028e+04,1.538314662579000736e+00
2.831870399999999790e+04,1.133064219313770771e+00
2.834948519999999917e+04,1.035249387563732082e+00
2.838026639999999679e+04,1.153475621796938411e+00
2.841104759999999806e+04,1.137824389707799977e+00
2.844182879999999932e+04,1.109081262179146377e+00
2.847260999999999694e+04,1.227284690372766107e+00
2.850339119999999821e+04,1.293919451004098109e+00
2.853417239999999947e+04,1.161074809476303038e+00
2.856495359999999710e+04,1.242376406275303324e+00
2.859573479999999836e+04,1.467660293412615058e+00
2.862651599999999962e+04,1.422836211352182634e+00
2.865729719999999725e+04,1.521844482541877541e+00
2.868807839999999851e+04,1.400675480427553632e+00
2.871885959999999977e+04,1.367921444210627779e+00
2.874964079999999740e+04,1.371771686826894543e+00
2.878042199999999866e+04,1.374581474601469511e+00
2.881120319999999992e+04,1.341082199470463809e+00
2.884198439999999755e+04,1.668855105887165902e+00
2.887276559999999881e+04,1.851469047023772463e+00
2.890354680000000008e+04,1.723645880921879758e+00
2.893432799999999770e+04,1.968456958556012548e+00
2.896510919999999896e+04,1.893639748626939623e+00
2.899589040000000023e+04,1.802626518979797199e+00
2.902667159999999785e+04,1.993007405497748019e+00
2.905745279999999912e+04,1.641825509774538228e+00
2.908823399999999674e+04,1.469936922911179167e+00
2.911901519999999800e+04,1.255882706436373564e+00
2.914979639999999927e+04,1.204286046879618599e+00
2.918057759999999689e+04,1.305513354363446066e+00
2.921135879999999815e+04,1.389020850486171632e+00
2.924213999999999942e+04,1.450900673306017463e+00
2.927292119999999704e+04,1.754166187432975921e+00
2.930370239999999831e+04,1.978406554773966430e+00
2.933448359999999957e+04,2.258160320080781602e+00
2.936526479999999719e+04,2.290108845654127645e+00
2.939604599999999846e+04,2.393806706297638254e+00
2.942682719999999972e+04,1.989527941396235455e+00
2.945760839999999735e+04,1.570524098595287299e+00
2.948838959999999861e+04,1.272738875519277002e+00
2.951917079999999987e+04,1.449930923300700503e+00
2.954995199999999750e+04,1.432457158122421470e+00
2.958073319999999876e+04,1.499205792829906070e+00
2.961151440000000002e+04,1.625895573541921157e+00
2.964229559999999765e+04,1.386287315266234055e+00
2.967307679999999891e+04,1.117691186226494882e+00
2.970385800000000017e+04,8.977961429723111397e-01
2.973463919999999780e+04,7.960119582241410585e-01
2.976542039999999906e+04,6.907263579148475996e-01
2.979620159999999669e+04,7.355053026501061630e-01
2.982698279999999795e+04,7.796392344689946352e-01
2.985776399999999921e+04,8.212016476596067927e-01
2.988854519999999684e+04,8.469791961416722748e-01
2.991932639999999810e+04,8.318228288156872541e-01
2.995010759999999937e+04,8.825230817215116152e-01
2.998088879999999699e+04,8.976140444212569180e-01
3.001166999999999825e+04,1.007551986977974323e+00
3.004245119999999952e+04,1.051914534685084002e+00
3.007323239999999714e+04,1.136319462928716328e+00
3.010401359999999841e+04,9.885228062142707994e-01
3.013479479999999967e+04,9.134854718070415380e-01
3.016557599999999729e+04,9.802930186204049656e-01
3.019635719999999856e+04,9.863695842469847319e-01
3.022713839999999982e+04,9.494187189548642936e-01
3.025791959999999744e+04,8.938298033406590903e-01
3.028870079999999871e+04,9.438595099594324633e-01
3.031948199999999997e+04,1.021365654269969392e+00
3.035026319999999760e+04,1.101430102090765750e+00
3.038104439999999886e+04,1.408621182282373985e+00
3.041182560000000012e+04,1.487814043862187185e+00
3.044260679999999775e+04,1.243001553437544260e+00
3.047338799999999901e+04,1.276030448749083224e+00
3.050416919999999664e+04,1.330001550140113009e+00
3.053495039999999790e+04,1.312089690913204487e+00
3.056573159999999916e+04,1.177450087202967843e+00
3.059651279999999679e+04,1.268031672180059966e+00
3.062729399999999805e+04,1.328586696394656652e+00
3.065807519999999931e+04,1.621485859938238905e+00
3.068885639999999694e+04,2.070762023735842838e+00
3.071963759999999820e+04,1.824715274998156112e+00
3.075041879999999946e+04,1.693320000950725435e+00
3.078119999999999709e+04,1.880164998882857708e+00
3.081198119999999835e+04,1.930705421018242163e+00
3.084276239999999962e+04,1.732560639359650656e+00
3.087354359999999724e+04,1.469197245527750884e+00
3.090432479999999850e+04,1.380469745976328655e+00
3.093510599999999977e+04,1.470702650054448446e+00
3.096588719999999739e+04,1.744239741394276955e+00
3.099666839999999866e+04,1.797638212685056969e+00
3.102744959999999992e+04,1.456654296528406611e+00
3.105823079999999754e+04,1.444816788780274530e+00
3.108901199999999881e+04,1.483607874476534194e+00
3.111979320000000007e+04,1.336748579261692660e+00
3.115057439999999769e+04,1.150715613021597195e+00
3.118135559999999896e+04,9.978486489399225334e-01
3.121213679999999658e+04,1.008943164738156151e+00
3.124291799999999785e+04,1.070059282246049515e+00
3.127369919999999911e+04,1.199484575124876828e+00
3.130448039999999673e+04,9.519850815364160335e-01
3.133526159999999800e+04,8.494020899468981423e-01
3.136604279999999926e+04,9.569703502846460541e-01
3.139682399999999689e+04,1.160327390015446714e+00
3.142760519999999815e+04,1.379630332835405593e+00
3.145838639999999941e+04,1.235647887676519563e+00
3.148916759999999704e+04,1.280311970843361458e+00
