0.000000000000000000e+00,9.290189313507355440e-01
3.078119999999999834e+01,9.132808437705578486e-01
6.156239999999999668e+01,8.647997512296720091e-01
9.234359999999999502e+01,9.149294357250259413e-01
1.231247999999999934e+02,1.026421968433913534e+00
1.539060000000000059e+02,1.023572200765138218e+00
1.846871999999999900e+02,1.166687250771379691e+00
2.154683999999999742e+02,1.268124843967276094e+00
2.462495999999999867e+02,1.118453123039245822e+00
2.770307999999999993e+02,1.025612308440266185e+00
3.078120000000000118e+02,9.145967036723083865e-01
3.385931999999999675e+02,9.236672145235133025e-01
3.693743999999999801e+02,9.314237893915814359e-01
4.001555999999999926e+02,9.339730283188709681e-01
4.309367999999999483e+02,9.700127477877600324e-01
4.617179999999999609e+02,1.209759957934130936e+00
4.924991999999999734e+02,1.197868746969614762e+00
5.232803999999999860e+02,1.333460042211137120e+00
5.540615999999999985e+02,1.124718261157314325e+00
5.848428000000000111e+02,1.075181830068270727e+00
6.156240000000000236e+02,1.058629323763523811e+00
6.464051999999999225e+02,1.092320013250784871e+00
6.771863999999999351e+02,9.776405167466764023e-01
7.079675999999999476e+02,9.439848233859562399e-01
7.387487999999999602e+02,9.944491869716187704e-01
7.695299999999999727e+02,1.188040787914193652e+00
8.003111999999999853e+02,1.284206580288283606e+00
8.310923999999999978e+02,1.080823635429151386e+00
8.618735999999998967e+02,1.058739509415110858e+00
8.926547999999999092e+02,1.169370279548088920e+00
9.234359999999999218e+02,1.173384001218091166e+00
9.542171999999999343e+02,1.219868353159727192e+00
9.849983999999999469e+02,1.130012409684959751e+00
1.015779599999999959e+03,1.111188025691900449e+00
1.046560799999999972e+03,1.080471889295681942e+00
1.077341999999999871e+03,1.154156356952618090e+00
1.108123199999999997e+03,9.721012730569444926e-01
1.138904399999999896e+03,1.004822724185650218e+00
1.169685600000000022e+03,1.053354822105766031e+00
1.200466799999999921e+03,1.056800141913466939e+00
1.231248000000000047e+03,1.028271928287736392e+00
1.262029199999999946e+03,1.048838766688115154e+00
1.292810399999999845e+03,1.020461802302756071e+00
1.323591599999999971e+03,1.157670961622063288e+00
1.354372799999999870e+03,1.085120404801139138e+00
1.385153999999999996e+03,1.155538745843801562e+00
1.415935199999999895e+03,1.156679052842638944e+00
1.446716400000000021e+03,1.014232742399340914e+00
1.477497599999999920e+03,8.784242696355489821e-01
1.508278799999999819e+03,7.833490934333225963e-01
1.539059999999999945e+03,9.532424907880696630e-01
1.569841199999999844e+03,8.235174279539659858e-01
1.600622399999999971e+03,8.076179726680936533e-01
1.631403599999999869e+03,7.973560081897169693e-01
1.662184799999999996e+03,7.940896722061899782e-01
1.692965999999999894e+03,7.999133842083402390e-01
1.723747199999999793e+03,9.286770931642067683e-01
1.754528399999999920e+03,1.100920718714640589e+00
1.785309599999999818e+03,1.263469520801366874e+00
1.816090799999999945e+03,1.396156545743899802e+00
1.846871999999999844e+03,1.433673113758777928e+00
1.877653199999999970e+03,1.315450777492346512e+00
1.908434399999999869e+03,1.213093245552292476e+00
1.939215599999999995e+03,1.209559162180432246e+00
1.969996799999999894e+03,1.202581010721527344e+00
2.000777999999999793e+03,1.263490016276270556e+00
2.031559199999999919e+03,1.594805151802137777e+00
2.062340400000000045e+03,1.326098311499164684e+00
2.093121599999999944e+03,1.496397852007409268e+00
2.123902799999999843e+03,1.226420377140612361e+00
2.154683999999999742e+03,1.253104676932917716e+00
2.185465200000000095e+03,1.209151347348996097e+00
2.216246399999999994e+03,1.007334101583708286e+00
2.247027599999999893e+03,9.208711066955179714e-01
2.277808799999999792e+03,8.041698457911287123e-01
2.308589999999999691e+03,8.051791930588749757e-01
2.339371200000000044e+03,7.878660753547298556e-01
2.370152399999999943e+03,7.470587905122224592e-01
2.400933599999999842e+03,7.476082906299424957e-01
2.431714799999999741e+03,8.452359680317823587e-01
2.462496000000000095e+03,7.306616480496792576e-01
2.493277199999999993e+03,7.971492770728390020e-01
2.524058399999999892e+03,9.028954021114969919e-01
2.554839599999999791e+03,7.897088190165667543e-01
2.585620799999999690e+03,7.885591885804161816e-01
2.616402000000000044e+03,6.563754605779774653e-01
2.647183199999999943e+03,6.182918510425419178e-01
2.677964399999999841e+03,6.137111942125322850e-01
2.708745599999999740e+03,5.733839657216078800e-01
2.739526799999999639e+03,5.371569877816310123e-01
2.770307999999999993e+03,5.008156561059150524e-01
2.801089199999999892e+03,5.421010768135072766e-01
2.831870399999999790e+03,5.424870570140953863e-01
2.862651599999999689e+03,5.261939394043474438e-01
2.893432800000000043e+03,5.624730906521550056e-01
2.924213999999999942e+03,5.506243184952414049e-01
2.954995199999999841e+03,5.876431821331555838e-01
2.985776399999999740e+03,6.469702561294361498e-01
3.016557599999999638e+03,6.352973342122449907e-01
3.047338799999999992e+03,7.545618508966277505e-01
3.078119999999999891e+03,7.878978731180116268e-01
3.108901199999999790e+03,8.733868578442230968e-01
3.139682399999999689e+03,1.010573373988115087e+00
3.170463600000000042e+03,1.023412868064519365e+00
3.201244799999999941e+03,1.003013982732774201e+00
3.232025999999999840e+03,8.698788084048210134e-01
3.262807199999999739e+03,7.380273827118956076e-01
3.293588399999999638e+03,6.566813565453487600e-01
3.324369599999999991e+03,6.987516180678763345e-01
3.355150799999999890e+03,6.562735770515661926e-01
3.385931999999999789e+03,6.154076899657635602e-01
3.416713199999999688e+03,6.004641236601976351e-01
3.447494399999999587e+03,6.568461676431139873e-01
3.478275599999999940e+03,5.167470168262559005e-01
3.509056799999999839e+03,5.513853330731158797e-01
3.539837999999999738e+03,5.442962121578435175e-01
3.570619199999999637e+03,5.555844322566024784e-01
3.601400399999999991e+03,5.416119355688765458e-01
3.632181599999999889e+03,5.848978323119806699e-01
3.662962799999999788e+03,6.478353297746454187e-01
3.693743999999999687e+03,6.727747787125950563e-01
3.724525199999999586e+03,6.662561225847472013e-01
3.755306399999999940e+03,6.799133395071942365e-01
3.786087599999999838e+03,7.484567547670479826e-01
3.816868799999999737e+03,7.317089737653025283e-01
3.847649999999999636e+03,7.217542926536619774e-01
3.878431199999999990e+03,7.856585504115772833e-01
3.909212399999999889e+03,8.429651343896485960e-01
3.939993599999999788e+03,1.041498349404523571e+00
3.970774799999999686e+03,1.128136685915134274e+00
4.001555999999999585e+03,1.142343016439372416e+00
4.032337199999999939e+03,1.145574702982447013e+00
4.063118399999999838e+03,1.169693269145335668e+00
4.093899599999999737e+03,1.169207809471039861e+00
4.124680800000000090e+03,1.595119135732224969e+00
4.155461999999999534e+03,1.783526004778562823e+00
4.186243199999999888e+03,1.489761033884537955e+00
4.217024399999999332e+03,1.375281076830069615e+00
4.247805599999999686e+03,1.321159997949153730e+00
4.278586800000000039e+03,1.630234875624192448e+00
4.309367999999999483e+03,1.879684755886935177e+00
4.340149199999999837e+03,1.117757188971459481e+00
4.370930400000000191e+03,8.851938030140973357e-01
4.401711599999999635e+03,9.505032458627751257e-01
4.432492799999999988e+03,1.102331408854729355e+00
4.463273999999999432e+03,8.613563605736340723e-01
4.494055199999999786e+03,1.086840628111016116e+00
4.524836400000000140e+03,1.054767639152481840e+00
4.555617599999999584e+03,9.992686681133946536e-01
4.586398799999999937e+03,1.167102993770058994e+00
4.617179999999999382e+03,1.345827419064594022e+00
4.647961199999999735e+03,1.353107441201805150e+00
4.678742400000000089e+03,1.200700266564406871e+00
4.709523599999999533e+03,1.226282323188983447e+00
4.740304799999999886e+03,9.537883874556585262e-01
4.771085999999999331e+03,7.711660903339246920e-01
4.801867199999999684e+03,8.759523334913885684e-01
4.832648400000000038e+03,1.033697018998986250e+00
4.863429599999999482e+03,9.229769529354102664e-01
4.894210799999999836e+03,9.591448345199554693e-01
4.924992000000000189e+03,1.056784506823026160e+00
4.955773199999999633e+03,8.968465161766598914e-01
4.986554399999999987e+03,6.755677038444396487e-01
5.017335599999999431e+03,5.146787559924218547e-01
5.048116799999999785e+03,4.973665384536060663e-01
5.078898000000000138e+03,4.285884076310253477e-01
5.109679199999999582e+03,3.977480070963046455e-01
5.140460399999999936e+03,4.606874147090237459e-01
5.171241599999999380e+03,6.018396798424487937e-01
5.202022799999999734e+03,6.786252745832195288e-01
5.232804000000000087e+03,8.242218394002072124e-01
5.263585199999999531e+03,8.056232231295914481e-01
5.294366399999999885e+03,1.015552483011191276e+00
5.325147599999999329e+03,7.532143342904060734e-01
5.355928799999999683e+03,7.206145149522827920e-01
5.386710000000000036e+03,5.479800772662342112e-01
5.417491199999999480e+03,4.879006927798589244e-01
5.448272399999999834e+03,5.405887017564063868e-01
5.479053599999999278e+03,5.247100190591368341e-01
5.509834799999999632e+03,4.769426910069303194e-01
5.540615999999999985e+03,5.425249269844314437e-01
5.571397199999999430e+03,6.271458374075209452e-01
5.602178399999999783e+03,5.053584757652463955e-01
5.632959600000000137e+03,4.026126703183793842e-01
5.663740799999999581e+03,4.380034928859187771e-01
5.694521999999999935e+03,5.181561632126070460e-01
5.725303199999999379e+03,7.013415363250863344e-01
5.756084399999999732e+03,7.312834249037922785e-01
5.786865600000000086e+03,7.835349803841186178e-01
5.817646799999999530e+03,7.686171310037124282e-01
5.848427999999999884e+03,8.751857270423680779e-01
5.879209199999999328e+03,9.820992477570773538e-01
5.909990399999999681e+03,8.202157258057125588e-01
5.940771600000000035e+03,8.142521114749652344e-01
5.971552799999999479e+03,8.317590952220204059e-01
6.002333999999999833e+03,8.173858393913719933e-01
6.033115199999999277e+03,1.004103382129667876e+00
6.063896399999999630e+03,8.418199950102073226e-01
6.094677599999999984e+03,8.105583703503407289e-01
6.125458799999999428e+03,7.094510428768134869e-01
6.156239999999999782e+03,5.309640834841414803e-01
6.187021199999999226e+03,5.057922318142746843e-01
6.217802399999999579e+03,5.146067224905582771e-01
6.248583599999999933e+03,5.444580741741881225e-01
6.279364799999999377e+03,5.485655477138191571e-01
6.310145999999999731e+03,5.048176138428137616e-01
6.340927200000000084e+03,4.254792530157077701e-01
6.371708399999999529e+03,4.183885985929896023e-01
6.402489599999999882e+03,4.886712096263168270e-01
6.433270799999999326e+03,4.420024196447386866e-01
6.464051999999999680e+03,4.452205187923817808e-01
6.494833200000000033e+03,4.262055920074432902e-01
6.525614399999999478e+03,4.246972088414519009e-01
6.556395599999999831e+03,3.871764714131438190e-01
6.587176799999999275e+03,4.377688936395752739e-01
6.617957999999999629e+03,5.490561894334735626e-01
6.648739199999999983e+03,5.498932122022404112e-01
6.679520399999999427e+03,5.468489989812308494e-01
6.710301599999999780e+03,5.387702622386860707e-01
6.741082799999999224e+03,5.805446662244300171e-01
6.771863999999999578e+03,5.794501395757017947e-01
6.802645199999999932e+03,5.858175858450471729e-01
6.833426399999999376e+03,5.309644713675857330e-01
6.864207599999999729e+03,5.537932765856177220e-01
6.894988799999999173e+03,6.327382236254934789e-01
6.925769999999999527e+03,5.914991166143112045e-01
6.956551199999999881e+03,5.042227619556641782e-01
6.987332399999999325e+03,4.278660316396756258e-01
7.018113599999999678e+03,4.588413293455429476e-01
7.048894800000000032e+03,4.150176119509726980e-01
7.079675999999999476e+03,3.930839098517618369e-01
7.110457199999999830e+03,4.616688288211215907e-01
7.141238399999999274e+03,5.173625578523313173e-01
7.172019599999999627e+03,4.863160942954267152e-01
7.202800799999999981e+03,5.045356676432146692e-01
7.233581999999999425e+03,5.824466894542335016e-01
7.264363199999999779e+03,5.148668696795157818e-01
7.295144399999999223e+03,4.562820056741914154e-01
7.325925599999999577e+03,4.152258227937776769e-01
7.356706799999999930e+03,3.917997703646898255e-01
7.387487999999999374e+03,3.981741376000201837e-01
7.418269199999999728e+03,3.674666443388014403e-01
7.449050399999999172e+03,3.192611069452342409e-01
7.479831599999999526e+03,3.098546124302035132e-01
7.510612799999999879e+03,3.271797950114648801e-01
7.541393999999999323e+03,3.100338721433866795e-01
7.572175199999999677e+03,3.262737465126152592e-01
7.602956400000000031e+03,3.318176726318220471e-01
7.633737599999999475e+03,3.095824523049720001e-01
7.664518799999999828e+03,3.581340942189875087e-01
7.695299999999999272e+03,4.013373042049842576e-01
7.726081199999999626e+03,4.090620852354004966e-01
7.756862399999999980e+03,4.127855766136596660e-01
7.787643599999999424e+03,4.652348992306478692e-01
7.818424799999999777e+03,5.297983531548974279e-01
7.849205999999999221e+03,6.655749729570893392e-01
7.879987199999999575e+03,4.918310986517338002e-01
7.910768399999999929e+03,4.404709825818701185e-01
7.941549599999999373e+03,4.166219269747574727e-01
7.972330799999999726e+03,5.139229922204044954e-01
8.003111999999999171e+03,5.419062934455497471e-01
8.033893199999999524e+03,5.574287591763781302e-01
8.064674399999999878e+03,5.271417886601140745e-01
8.095455599999999322e+03,6.275435611423437754e-01
8.126236799999999675e+03,6.578872255852643569e-01
8.157017999999999120e+03,5.433959682986257977e-01
8.187799199999999473e+03,6.786408758192549184e-01
8.218580399999998917e+03,7.209861772775705280e-01
8.249361600000000180e+03,7.393904430901515612e-01
8.280142799999999625e+03,7.659097021863697785e-01
8.310923999999999069e+03,7.938780202926669638e-01
8.341705200000000332e+03,8.436802166050200169e-01
8.372486399999999776e+03,9.138379024865943556e-01
8.403267599999999220e+03,8.318920618602454464e-01
8.434048799999998664e+03,6.823625909277022394e-01
8.464829999999999927e+03,6.032382620406482321e-01
8.495611199999999371e+03,5.832593712221159077e-01
8.526392399999998815e+03,6.305218343840897077e-01
8.557173600000000079e+03,7.114168723200985367e-01
8.587954799999999523e+03,7.457123950560111680e-01
8.618735999999998967e+03,7.212939555780637502e-01
8.649517200000000230e+03,6.084325808702378824e-01
8.680298399999999674e+03,7.652945206785706223e-01
8.711079599999999118e+03,9.313573438672629878e-01
8.741860800000000381e+03,8.506527181287764083e-01
8.772641999999999825e+03,9.151291219699392299e-01
8.803423199999999269e+03,7.171786063111846854e-01
8.834204399999998714e+03,6.344614037410022389e-01
8.864985599999999977e+03,6.717578379734187033e-01
8.895766799999999421e+03,6.800592380419230309e-01
8.926547999999998865e+03,6.198439717946093719e-01
8.957329200000000128e+03,6.527996072518331694e-01
8.988110399999999572e+03,8.444849857379398417e-01
9.018891599999999016e+03,9.638109480356675807e-01
9.049672800000000279e+03,8.839024429809112515e-01
9.080453999999999724e+03,7.488640357115173840e-01
9.111235199999999168e+03,7.023431034332832112e-01
9.142016399999998612e+03,5.946931008270347485e-01
9.172797599999999875e+03,5.784586670062046299e-01
9.203578799999999319e+03,4.381042798989117637e-01
9.234359999999998763e+03,5.436888500727187212e-01
9.265141200000000026e+03,6.107719321825965109e-01
9.295922399999999470e+03,6.106986315450974034e-01
9.326703599999998914e+03,6.850875935642437575e-01
9.357484800000000178e+03,5.666964353265540044e-01
9.388265999999999622e+03,5.715143480042178536e-01
9.419047199999999066e+03,5.497930658365840495e-01
9.449828400000000329e+03,5.148142447231648378e-01
9.480609599999999773e+03,5.070203187889380514e-01
9.511390799999999217e+03,4.761938321942940644e-01
9.542171999999998661e+03,5.357083036206118365e-01
9.572953199999999924e+03,6.283216213312757814e-01
9.603734399999999368e+03,7.712264987829895446e-01
9.634515599999998813e+03,1.037718479823409590e+00
9.665296800000000076e+03,7.522877831613827837e-01
9.696077999999999520e+03,5.517418290449888074e-01
9.726859199999998964e+03,5.359058572256489850e-01
9.757640400000000227e+03,5.287006255281589961e-01
9.788421599999999671e+03,5.798395770976167984e-01
9.819202799999999115e+03,5.365867452614663247e-01
9.849984000000000378e+03,4.928439107169969025e-01
9.880765199999999822e+03,5.402480805684456433e-01
9.911546399999999267e+03,7.117257631496063386e-01
9.942327599999998711e+03,1.034867796351503388e+00
9.973108799999999974e+03,9.467610257544070151e-01
1.000388999999999942e+04,7.544840691127957522e-01
1.003467119999999886e+04,8.195377668114935954e-01
1.006545240000000013e+04,6.689830913781857902e-01
1.009623359999999957e+04,6.699033245038970019e-01
1.012701479999999901e+04,6.958473928459901758e-01
1.015779600000000028e+04,7.286564132682732398e-01
1.018857719999999972e+04,9.014108850939536177e-01
1.021935839999999916e+04,8.784049094166570537e-01
1.025013959999999861e+04,1.001887159940786365e+00
1.028092079999999987e+04,8.357687250465425377e-01
1.031170199999999932e+04,8.255743855189832114e-01
1.034248319999999876e+04,8.155234325504338022e-01
1.037326440000000002e+04,7.680154818967880326e-01
1.040404559999999947e+04,8.143218539094670971e-01
1.043482679999999891e+04,7.925338126244199088e-01
1.046560800000000017e+04,6.250856008841833011e-01
1.049638919999999962e+04,5.722776050383193702e-01
1.052717039999999906e+04,6.209874652771667503e-01
1.055795160000000033e+04,7.036122115211078665e-01
1.058873279999999977e+04,5.871154067338669735e-01
1.061951399999999921e+04,4.910301756960589459e-01
1.065029519999999866e+04,5.446442773530567605e-01
1.068107639999999992e+04,5.278186090187572121e-01
1.071185759999999937e+04,5.659642521524171910e-01
1.074263879999999881e+04,5.291068003647526607e-01
1.077342000000000007e+04,5.053439707731239849e-01
1.080420119999999952e+04,4.719959849988963341e-01
1.083498239999999896e+04,4.281191974019769586e-01
1.086576360000000022e+04,4.569808283272052130e-01
1.089654479999999967e+04,5.560659459733197085e-01
1.092732599999999911e+04,5.883892615203261123e-01
1.095810719999999856e+04,4.673540501860616314e-01
1.098888839999999982e+04,3.600418795322068988e-01
1.101966959999999926e+04,4.655101501829971289e-01
1.105045079999999871e+04,5.154357737701011910e-01
1.108123199999999997e+04,4.969644921244671387e-01
1.111201319999999942e+04,4.630549770331635617e-01
1.114279439999999886e+04,4.858121145668697349e-01
1.117357560000000012e+04,6.067640673322897138e-01
1.120435679999999957e+04,5.555360445442004691e-01
1.123513799999999901e+04,4.997290070792870798e-01
1.126591920000000027e+04,4.420518751242639710e-01
1.129670039999999972e+04,3.769763350964175919e-01
1.132748159999999916e+04,4.097132548002196395e-01
1.135826279999999861e+04,4.951478229487627503e-01
1.138904399999999987e+04,4.288693807360500210e-01
1.141982519999999931e+04,4.131120512639059883e-01
1.145060639999999876e+04,3.215557567748125734e-01
1.148138760000000002e+04,3.091053392512833065e-01
1.151216879999999946e+04,3.364310747862099271e-01
1.154294999999999891e+04,2.788074458177355885e-01
1.157373120000000017e+04,2.251679901872466194e-01
1.160451239999999962e+04,2.777226876019074364e-01
1.163529359999999906e+04,3.185880968797010215e-01
1.166607479999999850e+04,3.438952269704292908e-01
1.169685599999999977e+04,3.310945161060891428e-01
1.172763719999999921e+04,3.116725202633640057e-01
1.175841839999999866e+04,3.343108136828832899e-01
1.178919959999999992e+04,2.748472109878757896e-01
1.181998079999999936e+04,3.320863776956536340e-01
1.185076199999999881e+04,3.317060704273054883e-01
1.188154320000000007e+04,3.188556227529921738e-01
1.191232439999999951e+04,3.238072659732542657e-01
1.194310559999999896e+04,3.192293542366688164e-01
1.197388680000000022e+04,3.582438335263303797e-01
1.200466799999999967e+04,4.327576660936090502e-01
1.203544919999999911e+04,4.166559308638761450e-01
1.206623039999999855e+04,4.264214605372054212e-01
1.209701159999999982e+04,5.259860820609670862e-01
1.212779279999999926e+04,5.844925751024242500e-01
1.215857399999999870e+04,6.564354863296363307e-01
1.218935519999999997e+04,5.497803954512306968e-01
1.222013639999999941e+04,5.242050029051856797e-01
1.225091759999999886e+04,6.266392428901821354e-01
1.228169880000000012e+04,4.909452251483211738e-01
1.231247999999999956e+04,5.325549827585229767e-01
1.234326119999999901e+04,4.949266548502771479e-01
1.237404239999999845e+04,5.865117867507052551e-01
1.240482359999999971e+04,5.980967520925788428e-01
1.243560479999999916e+04,6.761729267297472701e-01
1.246638599999999860e+04,7.643373987865990093e-01
1.249716719999999987e+04,7.985269042449464338e-01
1.252794839999999931e+04,9.193946371867256495e-01
1.255872959999999875e+04,8.720436520981338369e-01
1.258951080000000002e+04,8.175956758409040903e-01
1.262029199999999946e+04,1.001003575771291176e+00
1.265107319999999891e+04,8.935707581259038079e-01
1.268185440000000017e+04,7.639929867959153187e-01
1.271263559999999961e+04,6.224502079104754504e-01
1.274341679999999906e+04,6.562466443229788560e-01
1.277419799999999850e+04,7.493201731480065853e-01
1.280497919999999976e+04,9.234007764442189181e-01
1.283576039999999921e+04,1.048691359521970456e+00
1.286654159999999865e+04,8.728352503582675892e-01
1.289732279999999992e+04,7.318017091647517347e-01
1.292810399999999936e+04,7.024966053614015715e-01
1.295888519999999880e+04,6.120540996557171098e-01
1.298966640000000007e+04,6.899059654417460941e-01
1.302044759999999951e+04,5.382014186652396281e-01
1.305122879999999896e+04,5.312878319514823255e-01
1.308200999999999840e+04,5.750407239684174332e-01
1.311279119999999966e+04,5.561126761361209203e-01
1.314357239999999911e+04,7.025792400715202835e-01
1.317435359999999855e+04,6.398614230651363810e-01
1.320513479999999981e+04,6.474196554831049832e-01
1.323591599999999926e+04,7.440007301498877679e-01
1.326669719999999870e+04,9.579596680053473756e-01
1.329747839999999997e+04,1.101003332713517802e+00
1.332825959999999941e+04,1.157176341375718565e+00
1.335904079999999885e+04,1.200842439844878262e+00
1.338982200000000012e+04,1.182569354560754959e+00
1.342060319999999956e+04,1.117296656270273747e+00
1.345138439999999900e+04,1.084229964595884610e+00
1.348216559999999845e+04,1.093675267217505853e+00
1.351294679999999971e+04,1.339956898082542702e+00
1.354372799999999916e+04,1.434734380818019517e+00
1.357450919999999860e+04,1.600600736918583067e+00
1.360529039999999986e+04,1.665853421589397199e+00
1.363607159999999931e+04,1.610101683161987207e+00
1.366685279999999875e+04,1.319666998177478900e+00
1.369763400000000001e+04,1.311963959645966238e+00
1.372841519999999946e+04,1.267375039114296831e+00
1.375919639999999890e+04,1.306858840315161974e+00
1.378997759999999835e+04,1.233503586548628572e+00
1.382075879999999961e+04,1.247966406733126199e+00
1.385153999999999905e+04,1.132135085638021010e+00
1.388232119999999850e+04,1.115420994661025400e+00
1.391310239999999976e+04,1.011274389990855838e+00
1.394388359999999921e+04,9.292143997837628566e-01
1.397466479999999865e+04,9.022699960532805097e-01
1.400544599999999991e+04,7.901711482891785598e-01
1.403622719999999936e+04,7.785134215916941214e-01
1.406700839999999880e+04,5.910615903360908474e-01
1.409778960000000006e+04,5.100609086716094698e-01
1.412857079999999951e+04,4.694769039061186255e-01
1.415935199999999895e+04,4.290719206245313111e-01
1.419013319999999840e+04,5.026759761069997667e-01
1.422091439999999966e+04,4.518026531369839782e-01
1.425169559999999910e+04,4.558690855282858112e-01
1.428247679999999855e+04,3.947939346602317157e-01
1.431325799999999981e+04,4.082031847549579817e-01
1.434403919999999925e+04,4.459716334996746134e-01
1.437482039999999870e+04,4.937159940448105910e-01
1.440560159999999996e+04,5.379693703253055626e-01
1.443638279999999941e+04,4.437005414773471101e-01
1.446716399999999885e+04,4.830948115118846586e-01
1.449794520000000011e+04,5.249207548349018593e-01
1.452872639999999956e+04,5.749198327657039087e-01
1.455950759999999900e+04,5.858311528936841484e-01
1.459028879999999845e+04,5.862463374638557934e-01
1.462106999999999971e+04,5.730928624572475538e-01
1.465185119999999915e+04,5.842589883834062858e-01
1.468263239999999860e+04,5.248131620578960765e-01
1.471341359999999986e+04,4.357778555652342400e-01
1.474419479999999930e+04,4.719616905546529240e-01
1.477497599999999875e+04,4.226992786605879848e-01
1.480575720000000001e+04,4.397279996275957337e-01
1.483653839999999946e+04,4.241625479068211746e-01
1.486731959999999890e+04,4.101688116204135204e-01
1.489810079999999834e+04,4.198929824068075578e-01
1.492888199999999961e+04,5.499042772018785108e-01
1.495966319999999905e+04,4.657387116007129513e-01
1.499044439999999850e+04,4.392940823846550602e-01
1.502122559999999976e+04,3.858023702392978649e-01
1.505200679999999920e+04,4.463329588834901163e-01
1.508278799999999865e+04,4.252760467013868562e-01
1.511356919999999991e+04,4.234127033960166653e-01
1.514435039999999935e+04,3.652946597406663276e-01
1.517513159999999880e+04,4.079270924329841952e-01
1.520591280000000006e+04,4.200638550271148519e-01
1.523669399999999951e+04,4.422430717444680859e-01
1.526747519999999895e+04,4.481517098455566894e-01
1.529825639999999839e+04,4.130209157827216537e-01
1.532903759999999966e+04,3.603757039378740479e-01
1.535981879999999910e+04,3.821415837550556915e-01
1.539059999999999854e+04,4.477056042899601462e-01
1.542138119999999981e+04,4.846672069118156956e-01
1.545216239999999925e+04,4.973371366270312732e-01
1.548294359999999870e+04,4.517145431120625498e-01
1.551372479999999996e+04,4.679604115556368904e-01
1.554450599999999940e+04,5.548910175396872813e-01
1.557528719999999885e+04,5.784058367856479421e-01
1.560606839999999829e+04,6.241064867903918234e-01
1.563684959999999955e+04,6.481499468570921518e-01
1.566763079999999900e+04,6.282907572701795784e-01
1.569841199999999844e+04,4.650661690179553887e-01
1.572919319999999971e+04,5.623536540310868359e-01
1.575997439999999915e+04,5.216385930808014049e-01
1.579075559999999859e+04,5.186461422433795709e-01
1.582153679999999986e+04,5.772092958748051839e-01
1.585231799999999930e+04,6.275206062501966775e-01
1.588309919999999875e+04,5.591181330558631091e-01
1.591388040000000001e+04,6.265038974601285782e-01
1.594466159999999945e+04,4.860914516782694483e-01
1.597544279999999890e+04,4.316716993831775651e-01
1.600622399999999834e+04,3.960346414066915344e-01
1.603700519999999960e+04,4.511537060949388223e-01
1.606778639999999905e+04,4.272781626797406695e-01
1.609856759999999849e+04,5.054467829029974935e-01
1.612934879999999976e+04,5.548186528310520282e-01
1.616012999999999920e+04,6.227960482669494535e-01
1.619091119999999864e+04,6.280940322511057161e-01
1.622169239999999991e+04,6.913641473523024494e-01
1.625247359999999935e+04,5.771944985697126107e-01
1.628325479999999880e+04,3.543546794729852123e-01
1.631403599999999824e+04,3.722850031652180092e-01
1.634481719999999950e+04,3.722865411598168528e-01
1.637559839999999895e+04,3.460833899652262513e-01
1.640637960000000021e+04,3.830524854616439434e-01
1.643716079999999783e+04,4.308463576259302652e-01
1.646794199999999910e+04,5.205636968694885569e-01
1.649872320000000036e+04,6.236125292120100472e-01
1.652950439999999799e+04,4.963529344405831489e-01
1.656028559999999925e+04,3.773458383745907363e-01
1.659106680000000051e+04,3.386165651801621435e-01
1.662184799999999814e+04,3.520685057621454339e-01
1.665262919999999940e+04,3.526937779782529092e-01
1.668341040000000066e+04,3.815848953359763374e-01
1.671419159999999829e+04,4.277245168915854157e-01
1.674497279999999955e+04,4.390300220016284394e-01
1.677575400000000081e+04,5.052665991592859562e-01
1.680653519999999844e+04,6.874242792271456626e-01
1.683731639999999970e+04,9.775982682083464992e-01
1.686809759999999733e+04,5.669697685883680061e-01
1.689887879999999859e+04,3.602323806774226922e-01
1.692965999999999985e+04,3.794525147724894243e-01
1.696044119999999748e+04,3.263940459188823806e-01
1.699122239999999874e+04,4.017937543164252223e-01
1.702200360000000001e+04,3.385372435233599542e-01
1.705278479999999763e+04,3.716249928700400829e-01
1.708356599999999889e+04,3.932074371491401932e-01
1.711434720000000016e+04,3.843005819018258107e-01
1.714512839999999778e+04,2.869185886973869559e-01
1.717590959999999905e+04,2.490911549601753927e-01
1.720669080000000031e+04,2.305718548025731951e-01
1.723747199999999793e+04,2.811285795039145663e-01
1.726825319999999920e+04,2.997073904303327874e-01
1.729903440000000046e+04,2.980978667497549139e-01
1.732981559999999808e+04,2.886531581111805855e-01
1.736059679999999935e+04,2.939475966814064090e-01
1.739137800000000061e+04,3.234374804459895225e-01
1.742215919999999824e+04,3.219052875763819266e-01
1.745294039999999950e+04,3.594607055594677414e-01
1.748372160000000076e+04,3.988962499676407258e-01
1.751450279999999839e+04,3.924105710522136636e-01
1.754528399999999965e+04,3.767643074282216453e-01
1.757606519999999728e+04,3.846119072190976595e-01
1.760684639999999854e+04,4.076232906096679542e-01
1.763762759999999980e+04,4.364731216000144465e-01
1.766840879999999743e+04,4.124592630983804908e-01
1.769918999999999869e+04,4.061729379549315899e-01
1.772997119999999995e+04,3.959711279391032734e-01
1.776075239999999758e+04,3.903631226548640032e-01
1.779153359999999884e+04,3.564639937097399680e-01
1.782231480000000010e+04,3.567466904662663363e-01
1.785309599999999773e+04,4.580523654323266358e-01
1.788387719999999899e+04,4.769023449059867081e-01
1.791465840000000026e+04,5.385844740261102048e-01
1.794543959999999788e+04,5.213015209098921243e-01
1.797622079999999914e+04,3.988959353216365300e-01
1.800700200000000041e+04,3.175141214460466821e-01
1.803778319999999803e+04,3.242268072427834658e-01
1.806856439999999930e+04,2.951939651717683244e-01
1.809934560000000056e+04,3.385130265023839069e-01
1.813012679999999818e+04,3.654260890584834498e-01
1.816090799999999945e+04,4.739139745759574640e-01
1.819168920000000071e+04,6.180091551842662456e-01
1.822247039999999834e+04,5.219243272859995786e-01
1.825325159999999960e+04,4.461912274060216288e-01
1.828403279999999722e+04,4.988771233206379940e-01
1.831481399999999849e+04,6.138084518638593501e-01
1.834559519999999975e+04,7.254561309989198126e-01
1.837637639999999737e+04,6.591263493981185384e-01
1.840715759999999864e+04,7.028667227927152261e-01
1.843793879999999990e+04,6.690373396196376277e-01
1.846871999999999753e+04,6.685349167998193565e-01
1.849950119999999879e+04,5.964113892699879349e-01
1.853028240000000005e+04,6.631629808327206277e-01
1.856106359999999768e+04,7.737179962245426257e-01
1.859184479999999894e+04,5.570880283282677592e-01
1.862262600000000020e+04,4.584396194848023853e-01
1.865340719999999783e+04,4.572370670677430859e-01
1.868418839999999909e+04,4.885645235676449039e-01
1.871496960000000036e+04,4.146858127511253156e-01
1.874575079999999798e+04,4.143697157379921392e-01
1.877653199999999924e+04,4.250411637102615714e-01
1.880731320000000051e+04,5.501736313963395686e-01
1.883809439999999813e+04,4.957527326234641984e-01
1.886887559999999939e+04,3.818405253180414682e-01
1.889965680000000066e+04,3.273101687430707840e-01
1.893043799999999828e+04,3.543418902500037326e-01
1.896121919999999955e+04,3.241211189961613059e-01
1.899200039999999717e+04,3.162051410008435148e-01
1.902278159999999843e+04,3.084202926063924211e-01
1.905356279999999970e+04,3.096097588624394659e-01
1.908434399999999732e+04,3.705361682817184255e-01
1.911512519999999859e+04,3.440277857693736507e-01
1.914590639999999985e+04,3.468586116651531381e-01
1.917668759999999747e+04,3.997705650642557895e-01
1.920746879999999874e+04,3.302621089838919666e-01
1.923825000000000000e+04,3.474747408658697134e-01
1.926903119999999763e+04,3.925123390305665927e-01
1.929981239999999889e+04,4.998988723670160228e-01
1.933059360000000015e+04,4.096746374354870990e-01
1.936137479999999778e+04,4.010684381913723340e-01
1.939215599999999904e+04,3.591773965319304818e-01
1.942293720000000030e+04,3.325328270732478275e-01
1.945371839999999793e+04,4.417846635762471830e-01
1.948449959999999919e+04,3.434291953827222077e-01
1.951528080000000045e+04,2.823402272688952386e-01
1.954606199999999808e+04,2.706770515425752088e-01
1.957684319999999934e+04,2.380193588342731648e-01
1.960762440000000061e+04,1.921620443162434244e-01
1.963840559999999823e+04,2.562259831575190994e-01
1.966918679999999949e+04,3.082248564812458125e-01
1.969996800000000076e+04,3.001824160940272934e-01
1.973074919999999838e+04,2.919534772604596151e-01
1.976153039999999964e+04,2.892401194940688591e-01
1.979231159999999727e+04,3.326303185587044520e-01
1.982309279999999853e+04,3.253260840814675148e-01
1.985387399999999980e+04,3.367036546046638934e-01
1.988465519999999742e+04,3.612955054951590972e-01
1.991543639999999868e+04,3.856649670833177668e-01
1.994621759999999995e+04,3.432290448528588223e-01
1.997699879999999757e+04,3.632438438853873297e-01
2.000777999999999884e+04,3.567735578066196234e-01
2.003856120000000010e+04,3.892315797977668468e-01
2.006934239999999772e+04,3.988024127406183950e-01
2.010012359999999899e+04,3.719238077557882050e-01
2.013090480000000025e+04,4.110421612310704575e-01
2.016168599999999788e+04,4.973687679675317108e-01
2.019246719999999914e+04,4.724905392168022855e-01
2.022324840000000040e+04,5.302772465431196958e-01
2.025402959999999803e+04,4.852704454828248304e-01
2.028481079999999929e+04,5.469909476380390156e-01
2.031559200000000055e+04,5.642163048485933086e-01
2.034637319999999818e+04,5.670119714211531159e-01
2.037715439999999944e+04,5.492728100423330817e-01
2.040793560000000070e+04,4.505281333140687683e-01
2.043871679999999833e+04,4.894071544324008483e-01
2.046949799999999959e+04,5.068494379142197692e-01
2.050027919999999722e+04,4.983086778265032324e-01
2.053106039999999848e+04,5.834880180510579883e-01
2.056184159999999974e+04,4.860425518582157101e-01
2.059262279999999737e+04,4.785783925072640277e-01
2.062340399999999863e+04,6.376990984000581175e-01
2.065418519999999990e+04,7.351497320723913154e-01
2.068496639999999752e+04,1.009706616677702229e+00
2.071574759999999878e+04,1.135848954085060258e+00
2.074652880000000005e+04,5.690302865141263489e-01
2.077730999999999767e+04,4.471753093558378800e-01
2.080809119999999893e+04,4.234733701177466059e-01
2.083887240000000020e+04,3.864973003560908116e-01
2.086965359999999782e+04,4.343117811415156959e-01
2.090043479999999909e+04,4.424777499940791281e-01
2.093121600000000035e+04,4.588358668854241040e-01
2.096199719999999797e+04,4.996646922599656815e-01
2.099277839999999924e+04,5.447312021746707478e-01
2.102355960000000050e+04,5.702091754169870130e-01
2.105434079999999813e+04,6.801329388642858298e-01
2.108512199999999939e+04,8.627544203483129559e-01
2.111590320000000065e+04,8.195109392871178233e-01
2.114668439999999828e+04,7.014098994599600179e-01
2.117746559999999954e+04,6.685146160898854939e-01
2.120824679999999717e+04,7.509653200792035799e-01
2.123902799999999843e+04,9.603437664752517700e-01
2.126980919999999969e+04,8.988965765161320842e-01
2.130059039999999732e+04,7.460486244669561895e-01
2.133137159999999858e+04,8.350642027202026529e-01
2.136215279999999984e+04,6.407783320656863513e-01
2.139293399999999747e+04,5.657984757985042856e-01
2.142371519999999873e+04,4.251324562387539530e-01
2.145449639999999999e+04,3.101078752120100535e-01
2.148527759999999762e+04,3.109628207365492392e-01
2.151605879999999888e+04,2.812727091965432358e-01
2.154684000000000015e+04,2.510870130443140780e-01
2.157762119999999777e+04,2.422532201583532385e-01
2.160840239999999903e+04,2.600456181395020550e-01
2.163918360000000030e+04,3.178429252673722893e-01
2.166996479999999792e+04,3.470764501825346904e-01
2.170074599999999919e+04,3.452516820901662675e-01
2.173152720000000045e+04,3.553487903115614133e-01
2.176230839999999807e+04,2.889477054533729494e-01
2.179308959999999934e+04,2.809022083842453443e-01
2.182387080000000060e+04,2.455641417281792527e-01
2.185465199999999822e+04,2.296264967304278148e-01
2.188543319999999949e+04,2.768557950327160677e-01
2.191621439999999711e+04,2.820189723255686065e-01
2.194699559999999838e+04,3.531472096842586117e-01
2.197777679999999964e+04,3.539462350962919723e-01
2.200855799999999726e+04,3.239098274513553255e-01
2.203933919999999853e+04,3.019752665051370077e-01
2.207012039999999979e+04,2.348036022785821575e-01
2.210090159999999742e+04,2.154485443493404373e-01
2.213168279999999868e+04,2.130005861366295883e-01
2.216246399999999994e+04,2.244580505238251422e-01
2.219324519999999757e+04,2.984966110365593339e-01
2.222402639999999883e+04,3.052762368141158089e-01
2.225480760000000009e+04,2.981783594346102406e-01
2.228558879999999772e+04,4.026289167828364102e-01
2.231636999999999898e+04,3.576618868416310826e-01
2.234715120000000024e+04,4.140104106749718516e-01
2.237793239999999787e+04,3.845273833232020211e-01
2.240871359999999913e+04,3.097367967540067824e-01
2.243949480000000040e+04,2.909424031904789820e-01
2.247027599999999802e+04,3.594076879907677213e-01
2.250105719999999928e+04,3.770297752102935163e-01
2.253183840000000055e+04,2.662582680469457452e-01
2.256261959999999817e+04,2.430752474838064614e-01
2.259340079999999944e+04,2.668493838556274533e-01
2.262418199999999706e+04,2.918578449003070840e-01
2.265496319999999832e+04,2.715337384514400765e-01
2.268574439999999959e+04,3.407457173282054663e-01
2.271652559999999721e+04,4.213249603370537999e-01
2.274730679999999847e+04,3.225189280618764864e-01
2.277808799999999974e+04,2.489844491913361935e-01
2.280886919999999736e+04,2.281199149174873431e-01
2.283965039999999863e+04,1.843447408087344752e-01
2.287043159999999989e+04,2.093626870190696265e-01
2.290121279999999751e+04,2.299723007632616945e-01
2.293199399999999878e+04,2.129380067934482645e-01
2.296277520000000004e+04,2.449080438901477252e-01
2.299355639999999767e+04,2.601187207649990341e-01
2.302433759999999893e+04,3.035559673864617336e-01
2.305511880000000019e+04,3.154582141379637661e-01
2.308589999999999782e+04,2.858493253808069845e-01
2.311668119999999908e+04,2.166481144007490756e-01
2.314746240000000034e+04,2.393550070223547932e-01
2.317824359999999797e+04,2.944986203287552340e-01
2.320902479999999923e+04,3.425069412006963576e-01
2.323980600000000049e+04,4.096255407118997716e-01
2.327058719999999812e+04,3.419006427269888349e-01
2.330136839999999938e+04,3.117943898785820456e-01
2.333214959999999701e+04,3.074894374550341536e-01
2.336293079999999827e+04,3.209590790079337452e-01
2.339371199999999953e+04,3.478059437356196271e-01
2.342449319999999716e+04,3.444018392723132149e-01
2.345527439999999842e+04,3.642047850708841072e-01
2.348605559999999969e+04,4.238780206410547313e-01
2.351683679999999731e+04,3.728912508358134259e-01
2.354761799999999857e+04,3.533414883510576088e-01
2.357839919999999984e+04,3.679319271482742737e-01
2.360918039999999746e+04,3.620099625325196580e-01
2.363996159999999873e+04,3.076203657146420745e-01
2.367074279999999999e+04,2.619177903675460328e-01
2.370152399999999761e+04,3.314327552994663639e-01
2.373230519999999888e+04,3.694082371861528991e-01
2.376308640000000014e+04,4.387873608345541632e-01
2.379386759999999776e+04,5.114429430600252457e-01
2.382464879999999903e+04,5.352731599782202254e-01
2.385543000000000029e+04,4.114872721981897574e-01
2.388621119999999792e+04,4.724783449546220426e-01
2.391699239999999918e+04,4.769745998772859652e-01
2.394777360000000044e+04,4.837239805976020213e-01
2.397855479999999807e+04,5.674097283004196912e-01
2.400933599999999933e+04,4.694976016088746595e-01
2.404011719999999696e+04,6.235536262498569959e-01
2.407089839999999822e+04,7.005117687370902013e-01
2.410167959999999948e+04,8.167733348665590087e-01
2.413246079999999711e+04,8.411508307166849496e-01
2.416324199999999837e+04,6.224563603529995603e-01
2.419402319999999963e+04,5.977925681716206308e-01
2.422480439999999726e+04,5.215535378141201717e-01
2.425558559999999852e+04,4.712572952831445283e-01
2.428636679999999978e+04,5.327543254857289856e-01
2.431714799999999741e+04,6.416096219362231734e-01
2.434792919999999867e+04,5.736537715330544129e-01
2.437871039999999994e+04,4.615355927109913159e-01
2.440949159999999756e+04,6.851731664922143805e-01
2.444027279999999882e+04,6.194039342565159645e-01
2.447105400000000009e+04,3.603483929894009674e-01
2.450183519999999771e+04,2.808886749988659393e-01
2.453261639999999898e+04,2.826462767430990564e-01
2.456339760000000024e+04,3.037680666554646858e-01
2.459417879999999786e+04,3.392797964888005779e-01
2.462495999999999913e+04,3.529893266425541687e-01
2.465574120000000039e+04,3.244493855784803538e-01
2.468652239999999802e+04,3.673729927282874952e-01
2.471730359999999928e+04,3.966203461870314584e-01
2.474808479999999690e+04,3.812438866178762820e-01
2.477886599999999817e+04,3.780393795937759260e-01
2.480964719999999943e+04,4.129676078272950801e-01
2.484042839999999705e+04,4.013907050039235980e-01
2.487120959999999832e+04,3.809181569821356028e-01
2.490199079999999958e+04,3.405161421615681694e-01
2.493277199999999721e+04,2.695132305822279251e-01
2.496355319999999847e+04,2.654047575223160149e-01
2.499433439999999973e+04,2.801417980755355752e-01
2.502511559999999736e+04,2.724716065961426126e-01
2.505589679999999862e+04,2.504353628976286883e-01
2.508667799999999988e+04,2.782985415524870665e-01
2.511745919999999751e+04,2.877727311034666280e-01
2.514824039999999877e+04,3.068967953581240860e-01
2.517902160000000003e+04,3.518861683032759036e-01
2.520980279999999766e+04,4.158725134495417919e-01
2.524058399999999892e+04,4.232264248402831108e-01
2.527136520000000019e+04,3.737277069916875027e-01
2.530214639999999781e+04,3.009459727695736886e-01
2.533292759999999907e+04,3.049490213810492345e-01
2.536370880000000034e+04,3.171976423748226193e-01
2.539448999999999796e+04,3.367830992447413685e-01
2.542527119999999923e+04,3.132429668536104161e-01
2.545605239999999685e+04,2.685824347445960880e-01
2.548683359999999811e+04,2.803545183941824614e-01
2.551761479999999938e+04,3.022027223006176211e-01
2.554839599999999700e+04,2.823523986108491535e-01
2.557917719999999827e+04,2.740017189886932436e-01
2.560995839999999953e+04,2.962389970103349590e-01
2.564073959999999715e+04,3.254548064103072735e-01
2.567152079999999842e+04,3.977728141760714098e-01
2.570230199999999968e+04,4.105605298638720368e-01
2.573308319999999730e+04,3.799114733764365481e-01
2.576386439999999857e+04,4.031717232506370485e-01
2.579464559999999983e+04,4.200693282470635559e-01
2.582542679999999746e+04,4.503112237727089351e-01
2.585620799999999872e+04,5.462549618260258422e-01
2.588698919999999998e+04,5.444586169699541234e-01
2.591777039999999761e+04,5.070531544135408186e-01
2.594855159999999887e+04,5.038388305155113711e-01
2.597933280000000013e+04,5.602731281653335893e-01
2.601011399999999776e+04,6.106687242107702307e-01
2.604089519999999902e+04,5.150828681789192398e-01
2.607167640000000029e+04,4.976315456814630056e-01
2.610245759999999791e+04,5.664351422947400128e-01
2.613323879999999917e+04,4.752767055706263455e-01
2.616401999999999680e+04,5.096572123880646066e-01
2.619480119999999806e+04,4.177487080323037394e-01
2.622558239999999932e+04,4.723623255884993877e-01
2.625636359999999695e+04,4.532162676559758352e-01
2.628714479999999821e+04,5.647271407376471819e-01
2.631792599999999948e+04,4.702509100586630963e-01
2.634870719999999710e+04,3.942985291046329221e-01
2.637948839999999836e+04,2.952000853978589134e-01
2.641026959999999963e+04,2.562285153529550441e-01
2.644105079999999725e+04,2.581237864746072086e-01
2.647183199999999852e+04,2.770820320187507568e-01
2.650261319999999978e+04,2.699634512482865789e-01
2.653339439999999740e+04,3.054303643742465879e-01
2.656417559999999867e+04,3.295985536658361803e-01
2.659495679999999993e+04,3.339839550676118596e-01
2.662573799999999756e+04,3.885904532205522455e-01
2.665651919999999882e+04,3.609527933962678459e-01
2.668730040000000008e+04,3.479531832164290406e-01
2.671808159999999771e+04,4.101216300641492007e-01
2.674886279999999897e+04,4.676108298273011776e-01
2.677964400000000023e+04,4.814029939959497129e-01
2.681042519999999786e+04,4.331057171550073415e-01
2.684120639999999912e+04,4.276181028658637140e-01
2.687198759999999675e+04,4.615140997562414138e-01
2.690276879999999801e+04,4.732704782782861663e-01
2.693354999999999927e+04,4.887367001471913941e-01
2.696433119999999690e+04,3.710537121072872146e-01
2.699511239999999816e+04,3.716481669681105937e-01
2.702589359999999942e+04,4.067104218641776070e-01
2.705667479999999705e+04,4.324303165603951560e-01
2.708745599999999831e+04,5.255431834110064759e-01
2.711823719999999958e+04,6.584097864046961623e-01
2.714901839999999720e+04,9.807562657818026386e-01
2.717979959999999846e+04,8.264548501874895425e-01
2.721058079999999973e+04,6.170202297620105414e-01
2.724136199999999735e+04,6.510333848317310101e-01
2.727214319999999861e+04,5.997807013542344468e-01
2.730292439999999988e+04,4.608881843700110004e-01
2.733370559999999750e+04,3.938691451113690567e-01
2.736448679999999877e+04,3.907636795011864006e-01
2.739526800000000003e+04,3.859367057684092162e-01
2.742604919999999765e+04,3.609945550902709521e-01
2.745683039999999892e+04,3.346260496972592868e-01
2.748761160000000018e+04,3.118709470714567389e-01
2.751839279999999781e+04,2.921608988979387811e-01
2.754917399999999907e+04,2.694325444591195717e-01
2.757995519999999669e+04,2.964326541365452927e-01
2.761073639999999796e+04,3.110864078819291501e-01
2.764151759999999922e+04,2.963446059514449060e-01
2.767229879999999685e+04,2.899894316185527288e-01
2.770307999999999811e+04,2.472475508843206271e-01
2.773386119999999937e+04,2.657967095487823173e-01
2.776464239999999700e+04,3.247843389466360531e-01
2.779542359999999826e+04,3.001258522096497128e-01
2.782620479999999952e+04,2.790686193704609575e-01
2.785698599999999715e+04,2.838564046388235007e-01
2.788776719999999841e+04,3.658297914518088279e-01
2.791854839999999967e+04,4.023182040485069888e-01
2.794932959999999730e+04,3.585862853844175580e-01
2.798011079999999856e+04,3.398269899281564088e-01
2.801089199999999983e+04,3.823295950454252967e-01
2.804167319999999745e+04,3.501886979351052642e-01
2.807245439999999871e+04,2.975572080351785997e-01
2.810323559999999998e+04,4.244194469655912516e-01
2.813401679999999760e+04,4.668081960203557257e-01
2.816479799999999886e+04,6.407646788395641169e-01
2.819557920000000013e+04,5.849448269081172214e-01
2.822636039999999775e+04,3.797963955278915726e-01
2.825714159999999902e+04,3.701007603574881788e-01
2.828792280000000028e+04,3.458863878028040628e-01
2.831870399999999790e+04,1.964018963663873851e-01
2.834948519999999917e+04,1.629039090770565967e-01
2.838026639999999679e+04,1.921844802046786260e-01
2.841104759999999806e+04,1.912245802518127979e-01
2.844182879999999932e+04,1.776654853457564909e-01
2.847260999999999694e+04,2.139095147156526711e-01
2.850339119999999821e+04,2.363799800113997596e-01
2.853417239999999947e+04,1.897270517030123504e-01
2.856495359999999710e+04,2.116237232146297165e-01
2.859573479999999836e+04,2.701550458004253197e-01
2.862651599999999962e+04,2.585286933256202291e-01
2.865729719999999725e+04,2.935393444829865750e-01
2.868807839999999851e+04,2.558193721866851011e-01
2.871885959999999977e+04,2.490967229780875203e-01
2.874964079999999740e+04,2.419690790825169691e-01
2.878042199999999866e+04,2.423346103578520039e-01
2.881120319999999992e+04,2.310212496297464335e-01
2.884198439999999755e+04,3.315463794644558093e-01
2.887276559999999881e+04,3.838123795946017935e-01
2.890354680000000008e+04,3.463764821223320189e-01
2.893432799999999770e+04,4.335196317855185555e-01
2.896510919999999896e+04,4.068190314005298291e-01
2.899589040000000023e+04,3.776942162901083533e-01
2.902667159999999785e+04,4.569054950503537715e-01
2.905745279999999912e+04,3.324061550208137206e-01
2.908823399999999674e+04,2.914228733173408470e-01
2.911901519999999800e+04,2.198418829796725815e-01
2.914979639999999927e+04,2.032593503995729078e-01
2.918057759999999689e+04,2.342711087236858392e-01
2.921135879999999815e+04,2.625404798171950826e-01
2.924213999999999942e+04,2.710962620645741006e-01
2.927292119999999704e+04,3.614643969657744815e-01
2.930370239999999831e+04,4.399169407208745053e-01
2.933448359999999957e+04,5.515016392740277329e-01
2.936526479999999719e+04,5.728149623186655770e-01
2.939604599999999846e+04,6.504280233625181484e-01
2.942682719999999972e+04,4.831452814096861559e-01
2.945760839999999735e+04,3.391297460046088785e-01
2.948838959999999861e+04,2.393619277013874225e-01
2.951917079999999987e+04,2.888963154954531931e-01
2.954995199999999750e+04,2.711780007955876259e-01
2.958073319999999876e+04,2.924089691507343325e-01
2.961151440000000002e+04,3.530248439499116264e-01
2.964229559999999765e+04,2.851347133040074699e-01
2.967307679999999891e+04,2.064734393978977511e-01
2.970385800000000017e+04,1.443554545321278915e-01
2.973463919999999780e+04,1.197812733870827762e-01
2.976542039999999906e+04,9.092336121745808741e-02
2.979620159999999669e+04,1.016954830939806320e-01
2.982698279999999795e+04,1.088058627510378046e-01
2.985776399999999921e+04,1.171013989283961193e-01
2.988854519999999684e+04,1.236741607261132858e-01
2.991932639999999810e+04,1.193538455975247242e-01
2.995010759999999937e+04,1.292788234418060789e-01
2.998088879999999699e+04,1.352664780649766030e-01
3.001166999999999825e+04,1.626272736785408790e-01
3.004245119999999952e+04,1.692206120269041103e-01
3.007323239999999714e+04,1.935038316945603687e-01
3.010401359999999841e+04,1.492067532597460833e-01
3.013479479999999967e+04,1.338782312934225782e-01
3.016557599999999729e+04,1.509682634057178952e-01
3.019635719999999856e+04,1.526132902112555256e-01
3.022713839999999982e+04,1.461674073018415509e-01
3.025791959999999744e+04,1.344748217263843082e-01
3.028870079999999871e+04,1.443068715662999268e-01
3.031948199999999997e+04,1.613104151227457428e-01
3.035026319999999760e+04,1.818607714968595024e-01
3.038104439999999886e+04,2.900933096353336960e-01
3.041182560000000012e+04,3.077560627657018322e-01
3.044260679999999775e+04,2.249016479526302903e-01
3.047338799999999901e+04,2.340144999572594531e-01
3.050416919999999664e+04,2.639479282723647957e-01
3.053495039999999790e+04,2.602233738288409759e-01
3.056573159999999916e+04,2.190281108584539727e-01
3.059651279999999679e+04,2.403167992922767282e-01
3.062729399999999805e+04,2.574401530912631131e-01
3.065807519999999931e+04,3.411550331116662838e-01
3.068885639999999694e+04,5.085513308864236803e-01
3.071963759999999820e+04,4.154171083298280331e-01
3.075041879999999946e+04,3.639692959815656326e-01
3.078119999999999709e+04,4.311912153687739169e-01
3.081198119999999835e+04,4.492427873827424256e-01
3.084276239999999962e+04,3.825656269729735826e-01
3.087354359999999724e+04,2.864271430679043440e-01
3.090432479999999850e+04,2.628823454246565494e-01
3.093510599999999977e+04,2.875454684260366212e-01
3.096588719999999739e+04,3.806381402548378867e-01
3.099666839999999866e+04,4.219799105377938231e-01
3.102744959999999992e+04,2.997362568049145026e-01
3.105823079999999754e+04,2.984450957204237143e-01
3.108901199999999881e+04,3.186382541061678619e-01
3.111979320000000007e+04,2.768449106744607091e-01
3.115057439999999769e+04,2.074883070822544362e-01
3.118135559999999896e+04,1.602177165834163253e-01
3.121213679999999658e+04,1.638032300364286875e-01
3.124291799999999785e+04,1.814919720414301108e-01
3.127369919999999911e+04,2.311564248918125675e-01
3.130448039999999673e+04,1.568889297322579313e-01
3.133526159999999800e+04,1.344295833859216194e-01
3.136604279999999926e+04,1.643675572347161884e-01
3.139682399999999689e+04,2.166128742240986949e-01
3.142760519999999815e+04,2.877416757358418620e-01
3.145838639999999941e+04,2.363664186753526020e-01
3.148916759999999704e+04,2.529579652909622056e-01
