0.000000000000000000e+00,2.058979061534397526e-01
3.078119999999999834e+01,1.995734124429342227e-01
6.156239999999999668e+01,1.833113355819966650e-01
9.234359999999999502e+01,1.991279767811012791e-01
1.231247999999999934e+02,2.337745418928748875e-01
1.539060000000000059e+02,2.361333303477024803e-01
1.846871999999999900e+02,2.856804059691598341e-01
2.154683999999999742e+02,3.258386757566181235e-01
2.462495999999999867e+02,2.729652996006298737e-01
2.770307999999999993e+02,2.430790984605591953e-01
3.078120000000000118e+02,2.078722631887923444e-01
3.385931999999999675e+02,2.160152502220689108e-01
3.693743999999999801e+02,2.191215544325103570e-01
4.001555999999999926e+02,2.193053595312448867e-01
4.309367999999999483e+02,2.321205524731468350e-01
4.617179999999999609e+02,3.222138551035605425e-01
4.924991999999999734e+02,3.082755527774516113e-01
5.232803999999999860e+02,3.688770836727629510e-01
5.540615999999999985e+02,2.868637470116510713e-01
5.848428000000000111e+02,2.634086482928716944e-01
6.156240000000000236e+02,2.516421280529961835e-01
6.464051999999999225e+02,2.683483630639016959e-01
6.771863999999999351e+02,2.212052864262319118e-01
7.079675999999999476e+02,2.085033455983811013e-01
7.387487999999999602e+02,2.281295113803934460e-01
7.695299999999999727e+02,2.941927147396116715e-01
8.003111999999999853e+02,3.324902705685570115e-01
8.310923999999999978e+02,2.622583268977028981e-01
8.618735999999998967e+02,2.546671055988724008e-01
8.926547999999999092e+02,2.819835705765332268e-01
9.234359999999999218e+02,2.847705509009290648e-01
9.542171999999999343e+02,2.980238022878547444e-01
9.849983999999999469e+02,2.679735189345883173e-01
1.015779599999999959e+03,2.629029334823741459e-01
1.046560799999999972e+03,2.583527538226620401e-01
1.077341999999999871e+03,3.016313819126357210e-01
1.108123199999999997e+03,2.342793193475009028e-01
1.138904399999999896e+03,2.394780550199273328e-01
1.169685600000000022e+03,2.611123633311401848e-01
1.200466799999999921e+03,2.615600763592973999e-01
1.231248000000000047e+03,2.517223544438902949e-01
1.262029199999999946e+03,2.536260790140792976e-01
1.292810399999999845e+03,2.458133097634921382e-01
1.323591599999999971e+03,2.997795199249046472e-01
1.354372799999999870e+03,2.643070086895981108e-01
1.385153999999999996e+03,2.973499701224632807e-01
1.415935199999999895e+03,3.022405532814770868e-01
1.446716400000000021e+03,2.476612888814025970e-01
1.477497599999999920e+03,2.058178164582665504e-01
1.508278799999999819e+03,1.708244030807858915e-01
1.539059999999999945e+03,2.285279689506562184e-01
1.569841199999999844e+03,1.818580054401912616e-01
1.600622399999999971e+03,1.794059965405777057e-01
1.631403599999999869e+03,1.746416597031392737e-01
1.662184799999999996e+03,1.731963706210800369e-01
1.692965999999999894e+03,1.759596325193387156e-01
1.723747199999999793e+03,2.263047390485071475e-01
1.754528399999999920e+03,2.843064983899403209e-01
1.785309599999999818e+03,3.410893404528773654e-01
1.816090799999999945e+03,3.856297753760601355e-01
1.846871999999999844e+03,4.019429032374379207e-01
1.877653199999999970e+03,3.574493790033587692e-01
1.908434399999999869e+03,3.069369496101060357e-01
1.939215599999999995e+03,3.049799653342133987e-01
1.969996799999999894e+03,3.018703912266486045e-01
2.000777999999999793e+03,3.218504018189950466e-01
2.031559199999999919e+03,4.619371367042441889e-01
2.062340400000000045e+03,3.482525984375632322e-01
2.093121599999999944e+03,4.276791750901411393e-01
2.123902799999999843e+03,3.187011590912504633e-01
2.154683999999999742e+03,3.328483757722104919e-01
2.185465200000000095e+03,3.198317011979797675e-01
2.216246399999999994e+03,2.457002824075538161e-01
2.247027599999999893e+03,2.173779741203687998e-01
2.277808799999999792e+03,1.789498706628635805e-01
2.308589999999999691e+03,1.848073463159363161e-01
2.339371200000000044e+03,1.827076554772171513e-01
2.370152399999999943e+03,1.676347536376880665e-01
2.400933599999999842e+03,1.626995735392310349e-01
2.431714799999999741e+03,1.930493232608836429e-01
2.462496000000000095e+03,1.544220961100755130e-01
2.493277199999999993e+03,1.761678419697016440e-01
2.524058399999999892e+03,2.169095521573050911e-01
2.554839599999999791e+03,1.795231770934091753e-01
2.585620799999999690e+03,1.869029222612536567e-01
2.616402000000000044e+03,1.414576109944163385e-01
2.647183199999999943e+03,1.305685758309190758e-01
2.677964399999999841e+03,1.304099640596690091e-01
2.708745599999999740e+03,1.166124288240387163e-01
2.739526799999999639e+03,1.055112753747542848e-01
2.770307999999999993e+03,9.359464777244504152e-02
2.801089199999999892e+03,1.031163790004960973e-01
2.831870399999999790e+03,1.029989762349858284e-01
2.862651599999999689e+03,9.827913101114334193e-02
2.893432800000000043e+03,1.082121286133245625e-01
2.924213999999999942e+03,1.063331841383206022e-01
2.954995199999999841e+03,1.160982820779143526e-01
2.985776399999999740e+03,1.318159909722174672e-01
3.016557599999999638e+03,1.295062099738099604e-01
3.047338799999999992e+03,1.709122965258082216e-01
3.078119999999999891e+03,1.801001547107337619e-01
3.108901199999999790e+03,2.051272921807486549e-01
3.139682399999999689e+03,2.541134290606025248e-01
3.170463600000000042e+03,2.585854607461967047e-01
3.201244799999999941e+03,2.502519814556613542e-01
3.232025999999999840e+03,2.081351790248250899e-01
3.262807199999999739e+03,1.684857676640736934e-01
3.293588399999999638e+03,1.416409820898751892e-01
3.324369599999999991e+03,1.557376837531131430e-01
3.355150799999999890e+03,1.417213573802482141e-01
3.385931999999999789e+03,1.345402134576737518e-01
3.416713199999999688e+03,1.327609845174304304e-01
3.447494399999999587e+03,1.571148203053787940e-01
3.478275599999999940e+03,1.027320460807633201e-01
3.509056799999999839e+03,1.101944136753445075e-01
3.539837999999999738e+03,1.083410672571575445e-01
3.570619199999999637e+03,1.093958773155198488e-01
3.601400399999999991e+03,1.032125105716017732e-01
3.632181599999999889e+03,1.136089785126992574e-01
3.662962799999999788e+03,1.365680854644330255e-01
3.693743999999999687e+03,1.409706944028474296e-01
3.724525199999999586e+03,1.386359168075879944e-01
3.755306399999999940e+03,1.448610210290276479e-01
3.786087599999999838e+03,1.628173957413573958e-01
3.816868799999999737e+03,1.537943053146819672e-01
3.847649999999999636e+03,1.497745507643308271e-01
3.878431199999999990e+03,1.733043841221274528e-01
3.909212399999999889e+03,1.861149334938788369e-01
3.939993599999999788e+03,2.574197304144048015e-01
3.970774799999999686e+03,2.788847270163169467e-01
4.001555999999999585e+03,2.798956474414290296e-01
4.032337199999999939e+03,2.807392668642143541e-01
4.063118399999999838e+03,2.899676852921475589e-01
4.093899599999999737e+03,2.902374226139988744e-01
4.124680800000000090e+03,4.568655419302694587e-01
4.155461999999999534e+03,5.319582010313714804e-01
4.186243199999999888e+03,4.131691932522202348e-01
4.217024399999999332e+03,3.755179890190327163e-01
4.247805599999999686e+03,3.462098547103259483e-01
4.278586800000000039e+03,4.589620211480355261e-01
4.309367999999999483e+03,5.833825558522848231e-01
4.340149199999999837e+03,2.770177652175787597e-01
4.370930400000000191e+03,1.996986924001757924e-01
4.401711599999999635e+03,2.278201822924378894e-01
4.432492799999999988e+03,2.887121471763999248e-01
4.463273999999999432e+03,1.985816829832149355e-01
4.494055199999999786e+03,2.939389496186698425e-01
4.524836400000000140e+03,2.561302838674763827e-01
4.555617599999999584e+03,2.376285784192237460e-01
4.586398799999999937e+03,3.034549456108653342e-01
4.617179999999999382e+03,3.666412911490603554e-01
4.647961199999999735e+03,3.746078604079150498e-01
4.678742400000000089e+03,3.388675732034282517e-01
4.709523599999999533e+03,3.418436747526399921e-01
4.740304799999999886e+03,2.334993234821223784e-01
4.771085999999999331e+03,1.730877899128542841e-01
4.801867199999999684e+03,2.123163425902195034e-01
4.832648400000000038e+03,2.740133884321085400e-01
4.863429599999999482e+03,2.282253063035808160e-01
4.894210799999999836e+03,2.461316121510069288e-01
4.924992000000000189e+03,2.798775271168676970e-01
4.955773199999999633e+03,2.204886192777546217e-01
4.986554399999999987e+03,1.463634256950297197e-01
5.017335599999999431e+03,9.909534892119652161e-02
5.048116799999999785e+03,9.711561552165784428e-02
5.078898000000000138e+03,7.818493120447173039e-02
5.109679199999999582e+03,7.014219885982533875e-02
5.140460399999999936e+03,8.358725909606308513e-02
5.171241599999999380e+03,1.267073909061772197e-01
5.202022799999999734e+03,1.485869127291309100e-01
5.232804000000000087e+03,1.989120187465724388e-01
5.263585199999999531e+03,1.861245560126085774e-01
5.294366399999999885e+03,2.739066514295830923e-01
5.325147599999999329e+03,1.761391558692581294e-01
5.355928799999999683e+03,1.682121134345450908e-01
5.386710000000000036e+03,1.100000649122345187e-01
5.417491199999999480e+03,9.246497824614065275e-02
5.448272399999999834e+03,1.061067360682037969e-01
5.479053599999999278e+03,1.024323726155969838e-01
5.509834799999999632e+03,8.885378123490758617e-02
5.540615999999999985e+03,1.082411359559648928e-01
5.571397199999999430e+03,1.360333020655044023e-01
5.602178399999999783e+03,1.014203659863705670e-01
5.632959600000000137e+03,7.066653204213942108e-02
5.663740799999999581e+03,7.822159948081011671e-02
5.694521999999999935e+03,9.711697779800650132e-02
5.725303199999999379e+03,1.544520125395842935e-01
5.756084399999999732e+03,1.586188411669377518e-01
5.786865600000000086e+03,1.770727610048465905e-01
5.817646799999999530e+03,1.717503254549538061e-01
5.848427999999999884e+03,2.103845575664193557e-01
5.879209199999999328e+03,2.442528064552374201e-01
5.909990399999999681e+03,1.861015738842623779e-01
5.940771600000000035e+03,1.843594579458779359e-01
5.971552799999999479e+03,1.927427831710074868e-01
6.002333999999999833e+03,1.761673434437490693e-01
6.033115199999999277e+03,2.414346444443435102e-01
6.063896399999999630e+03,1.854359713833692580e-01
6.094677599999999984e+03,1.772173600116097869e-01
6.125458799999999428e+03,1.508768349478410986e-01
6.156239999999999782e+03,1.014200688436609349e-01
6.187021199999999226e+03,9.761002160826165452e-02
6.217802399999999579e+03,9.788684608820669153e-02
6.248583599999999933e+03,1.067574164713135099e-01
6.279364799999999377e+03,1.095986435569934470e-01
6.310145999999999731e+03,9.924403244640497834e-02
6.340927200000000084e+03,7.991744990610215316e-02
6.371708399999999529e+03,7.716557089259842850e-02
6.402489599999999882e+03,9.691837603870827322e-02
6.433270799999999326e+03,8.195392898745117172e-02
6.464051999999999680e+03,8.003734210905580349e-02
6.494833200000000033e+03,7.577567486693627397e-02
6.525614399999999478e+03,7.774707782299357384e-02
6.556395599999999831e+03,6.654706277292814220e-02
6.587176799999999275e+03,8.049103074242461298e-02
6.617957999999999629e+03,1.099127978515780368e-01
6.648739199999999983e+03,1.091940350149320921e-01
6.679520399999999427e+03,1.077497963346989163e-01
6.710301599999999780e+03,1.068843663132264116e-01
6.741082799999999224e+03,1.186171449865100064e-01
6.771863999999999578e+03,1.190666670366348628e-01
6.802645199999999932e+03,1.218728530259616111e-01
6.833426399999999376e+03,1.106700227486780846e-01
6.864207599999999729e+03,1.180616368717292142e-01
6.894988799999999173e+03,1.447467110636274645e-01
6.925769999999999527e+03,1.305613140727766575e-01
6.956551199999999881e+03,1.042030113726221535e-01
6.987332399999999325e+03,8.001917919057011108e-02
7.018113599999999678e+03,8.894489855435601389e-02
7.048894800000000032e+03,7.745755676217197516e-02
7.079675999999999476e+03,7.268269420858200491e-02
7.110457199999999830e+03,9.558758786561658005e-02
7.141238399999999274e+03,1.117689547772558051e-01
7.172019599999999627e+03,1.012500282854451178e-01
7.202800799999999981e+03,1.093534509830644402e-01
7.233581999999999425e+03,1.370102075018537202e-01
7.264363199999999779e+03,1.105921639836132120e-01
7.295144399999999223e+03,9.474530475679643349e-02
7.325925599999999577e+03,8.283834532861392153e-02
7.356706799999999930e+03,7.384332166252026430e-02
7.387487999999999374e+03,7.723643393175060046e-02
7.418269199999999728e+03,6.903862115607599381e-02
7.449050399999999172e+03,5.513597989616249306e-02
7.479831599999999526e+03,5.162350729585457598e-02
7.510612799999999879e+03,5.620977657802665034e-02
7.541393999999999323e+03,5.112540218216935634e-02
7.572175199999999677e+03,5.516986577815129189e-02
7.602956400000000031e+03,5.557303465037580908e-02
7.633737599999999475e+03,4.868436559486648274e-02
7.664518799999999828e+03,6.038210762399649073e-02
7.695299999999999272e+03,7.095130566481673562e-02
7.726081199999999626e+03,7.115858590298045072e-02
7.756862399999999980e+03,7.326412096685025466e-02
7.787643599999999424e+03,8.635277950730740892e-02
7.818424799999999777e+03,1.033200325830990335e-01
7.849205999999999221e+03,1.505012290459287472e-01
7.879987199999999575e+03,9.327558903278156122e-02
7.910768399999999929e+03,7.791881819577071988e-02
7.941549599999999373e+03,6.996349821930773760e-02
7.972330799999999726e+03,9.667553252960722765e-02
8.003111999999999171e+03,1.041033053732172975e-01
8.033893199999999524e+03,1.139156440553270588e-01
8.064674399999999878e+03,1.019184438324886727e-01
8.095455599999999322e+03,1.321717368033138718e-01
8.126236799999999675e+03,1.459450590076933341e-01
8.157017999999999120e+03,1.056903022039102219e-01
8.187799199999999473e+03,1.431598174747890362e-01
8.218580399999998917e+03,1.563803341503137712e-01
8.249361600000000180e+03,1.605099276888584947e-01
8.280142799999999625e+03,1.640422919975244864e-01
8.310923999999999069e+03,1.753858483110546373e-01
8.341705200000000332e+03,1.883773838435895409e-01
8.372486399999999776e+03,2.150821933493089477e-01
8.403267599999999220e+03,1.921227878583275928e-01
8.434048799999998664e+03,1.449379810753300690e-01
8.464829999999999927e+03,1.189191143239096277e-01
8.495611199999999371e+03,1.121419356941114054e-01
8.526392399999998815e+03,1.247241304973576992e-01
8.557173600000000079e+03,1.540912247770753474e-01
8.587954799999999523e+03,1.688195083324348922e-01
8.618735999999998967e+03,1.640560632946699293e-01
8.649517200000000230e+03,1.273891978773808442e-01
8.680298399999999674e+03,1.788142574815793917e-01
8.711079599999999118e+03,2.343929864795332441e-01
8.741860800000000381e+03,2.083132532341876730e-01
8.772641999999999825e+03,2.363960183453004682e-01
8.803423199999999269e+03,1.640302506073752220e-01
8.834204399999998714e+03,1.319457384447160209e-01
8.864985599999999977e+03,1.484308175665770557e-01
8.895766799999999421e+03,1.478072781643535727e-01
8.926547999999998865e+03,1.290645731476207092e-01
8.957329200000000128e+03,1.390751558598768978e-01
8.988110399999999572e+03,1.989223791687301235e-01
9.018891599999999016e+03,2.447794044512140721e-01
9.049672800000000279e+03,2.172520298175301678e-01
9.080453999999999724e+03,1.716985099513032853e-01
9.111235199999999168e+03,1.570171173525373720e-01
9.142016399999998612e+03,1.241769513254462193e-01
9.172797599999999875e+03,1.184501678421360504e-01
9.203578799999999319e+03,7.902114759820588752e-02
9.234359999999998763e+03,1.085709511134486382e-01
9.265141200000000026e+03,1.277534051663977432e-01
9.295922399999999470e+03,1.266996358148845814e-01
9.326703599999998914e+03,1.489294277383404752e-01
9.357484800000000178e+03,1.170481308774390244e-01
9.388265999999999622e+03,1.188824406305870746e-01
9.419047199999999066e+03,1.148014023333597811e-01
9.449828400000000329e+03,1.049419583920304655e-01
9.480609599999999773e+03,1.057428122898748657e-01
9.511390799999999217e+03,9.342034306230358187e-02
9.542171999999998661e+03,1.101977412990880201e-01
9.572953199999999924e+03,1.424855567453049143e-01
9.603734399999999368e+03,1.878313850741774038e-01
9.634515599999998813e+03,2.830957123114141716e-01
9.665296800000000076e+03,1.857615115801921069e-01
9.696077999999999520e+03,1.206009949660746261e-01
9.726859199999998964e+03,1.216771689659634642e-01
9.757640400000000227e+03,1.141811725678184702e-01
9.788421599999999671e+03,1.250346931793097638e-01
9.819202799999999115e+03,1.126133789261947321e-01
9.849984000000000378e+03,9.448858644578862764e-02
9.880765199999999822e+03,1.029351082699311720e-01
9.911546399999999267e+03,1.552733466885024838e-01
9.942327599999998711e+03,2.654960602273332415e-01
9.973108799999999974e+03,2.337260337073009120e-01
1.000388999999999942e+04,1.609370420834257964e-01
1.003467119999999886e+04,1.816658171480098616e-01
1.006545240000000013e+04,1.340868214886865584e-01
1.009623359999999957e+04,1.388394352451045310e-01
1.012701479999999901e+04,1.450136871303842334e-01
1.015779600000000028e+04,1.525955197742611402e-01
1.018857719999999972e+04,2.131092232724426661e-01
1.021935839999999916e+04,2.063777372103476337e-01
1.025013959999999861e+04,2.546836592193028603e-01
1.028092079999999987e+04,1.970091723780437731e-01
1.031170199999999932e+04,1.796190624854316908e-01
1.034248319999999876e+04,1.775224567502739492e-01
1.037326440000000002e+04,1.642922965115083400e-01
1.040404559999999947e+04,1.819047117046598550e-01
1.043482679999999891e+04,1.818559197284838891e-01
1.046560800000000017e+04,1.282988469395257847e-01
1.049638919999999962e+04,1.112898920049825574e-01
1.052717039999999906e+04,1.259749471271442989e-01
1.055795160000000033e+04,1.449342460954124168e-01
1.058873279999999977e+04,1.155264530851621146e-01
1.061951399999999921e+04,9.198191220834545101e-02
1.065029519999999866e+04,1.065701389645577479e-01
1.068107639999999992e+04,1.021366643796301349e-01
1.071185759999999937e+04,1.124571828352225189e-01
1.074263879999999881e+04,1.006741205248685989e-01
1.077342000000000007e+04,9.535039882446764981e-02
1.080420119999999952e+04,8.788312041795813545e-02
1.083498239999999896e+04,7.666316214077892321e-02
1.086576360000000022e+04,8.608538837383571118e-02
1.089654479999999967e+04,1.195614967593414679e-01
1.092732599999999911e+04,1.271011741108131754e-01
1.095810719999999856e+04,9.079965659074186457e-02
1.098888839999999982e+04,6.093371329703112932e-02
1.101966959999999926e+04,8.905476059908604136e-02
1.105045079999999871e+04,1.031175301358992352e-01
1.108123199999999997e+04,9.466968343328373281e-02
1.111201319999999942e+04,8.956334514336287966e-02
1.114279439999999886e+04,9.650560336462546407e-02
1.117357560000000012e+04,1.352340279689808467e-01
1.120435679999999957e+04,1.248052772088749374e-01
1.123513799999999901e+04,1.059615682977830126e-01
1.126591920000000027e+04,8.927172742018908702e-02
1.129670039999999972e+04,6.959972777270885536e-02
1.132748159999999916e+04,7.806700878338318494e-02
1.135826279999999861e+04,1.045041848219591951e-01
1.138904399999999987e+04,8.471997492870904367e-02
1.141982519999999931e+04,8.541102085003471345e-02
1.145060639999999876e+04,5.666457341453959295e-02
1.148138760000000002e+04,5.390642965039217638e-02
1.151216879999999946e+04,6.235499767378682723e-02
1.154294999999999891e+04,4.866365233477273899e-02
1.157373120000000017e+04,3.332857607045517506e-02
1.160451239999999962e+04,4.544424033342080865e-02
1.163529359999999906e+04,5.716887827513965348e-02
1.166607479999999850e+04,6.500377808113227962e-02
1.169685599999999977e+04,6.194173401001270424e-02
1.172763719999999921e+04,5.668351224062642690e-02
1.175841839999999866e+04,6.387191603510175564e-02
1.178919959999999992e+04,4.626774844434763945e-02
1.181998079999999936e+04,6.226234793132527645e-02
1.185076199999999881e+04,6.206472899346802963e-02
1.188154320000000007e+04,5.807547315789331893e-02
1.191232439999999951e+04,5.949555417038755734e-02
1.194310559999999896e+04,5.699872936049045491e-02
1.197388680000000022e+04,6.601432123107461858e-02
1.200466799999999967e+04,8.464657301031475178e-02
1.203544919999999911e+04,7.774198553563139991e-02
1.206623039999999855e+04,7.728307446401001812e-02
1.209701159999999982e+04,1.036875157006900555e-01
1.212779279999999926e+04,1.190654095160604553e-01
1.215857399999999870e+04,1.378266413197173634e-01
1.218935519999999997e+04,1.080371184710876148e-01
1.222013639999999941e+04,1.025772884085667525e-01
1.225091759999999886e+04,1.362469860613073902e-01
1.228169880000000012e+04,9.449781959322295366e-02
1.231247999999999956e+04,1.042120371389373829e-01
1.234326119999999901e+04,9.077975280257161161e-02
1.237404239999999845e+04,1.161701515678535690e-01
1.240482359999999971e+04,1.172222795507592008e-01
1.243560479999999916e+04,1.378228787413664780e-01
1.246638599999999860e+04,1.661583653287378448e-01
1.249716719999999987e+04,1.751071978582969535e-01
1.252794839999999931e+04,2.162773511907220003e-01
1.255872959999999875e+04,2.076517455158717329e-01
1.258951080000000002e+04,1.947411999660588755e-01
1.262029199999999946e+04,2.571689292611184507e-01
1.265107319999999891e+04,2.163601327041228539e-01
1.268185440000000017e+04,1.744974534068488570e-01
1.271263559999999961e+04,1.308847854976570579e-01
1.274341679999999906e+04,1.405091604655805404e-01
1.277419799999999850e+04,1.628907933599464675e-01
1.280497919999999976e+04,2.180195785585187784e-01
1.283576039999999921e+04,2.579145010654974590e-01
1.286654159999999865e+04,2.060877027722277655e-01
1.289732279999999992e+04,1.604171796894118818e-01
1.292810399999999936e+04,1.561233711230275434e-01
1.295888519999999880e+04,1.266243115390372487e-01
1.298966640000000007e+04,1.555853912135775341e-01
1.302044759999999951e+04,1.067453986606815980e-01
1.305122879999999896e+04,1.047972909717253404e-01
1.308200999999999840e+04,1.193480655818041219e-01
1.311279119999999966e+04,1.101841484550684230e-01
1.314357239999999911e+04,1.547415869767145291e-01
1.317435359999999855e+04,1.325299377064084738e-01
1.320513479999999981e+04,1.328306378815778677e-01
1.323591599999999926e+04,1.601935489713693928e-01
1.326669719999999870e+04,2.233998086910584380e-01
1.329747839999999997e+04,2.710224462567701331e-01
1.332825959999999941e+04,2.962490307227809150e-01
1.335904079999999885e+04,3.253194753619781943e-01
1.338982200000000012e+04,3.267426467099858733e-01
1.342060319999999956e+04,3.033528952820926938e-01
1.345138439999999900e+04,2.971460063401447083e-01
1.348216559999999845e+04,2.857817520266013323e-01
1.351294679999999971e+04,3.700765000097432367e-01
1.354372799999999916e+04,3.963152774993344285e-01
1.357450919999999860e+04,4.619810676577992270e-01
1.360529039999999986e+04,4.882534482176031920e-01
1.363607159999999931e+04,4.898180030116226491e-01
1.366685279999999875e+04,3.685846190283558754e-01
1.369763400000000001e+04,3.577612961030597893e-01
1.372841519999999946e+04,3.443108768971883116e-01
1.375919639999999890e+04,3.620239317977015925e-01
1.378997759999999835e+04,3.415411283835996237e-01
1.382075879999999961e+04,3.388610722059586799e-01
1.385153999999999905e+04,2.993425729398269119e-01
1.388232119999999850e+04,2.986716099886417286e-01
1.391310239999999976e+04,2.658519504906346476e-01
1.394388359999999921e+04,2.334948414255945959e-01
1.397466479999999865e+04,2.234182262862224877e-01
1.400544599999999991e+04,1.872272318667635993e-01
1.403622719999999936e+04,1.793195452937565437e-01
1.406700839999999880e+04,1.248478761263874526e-01
1.409778960000000006e+04,1.024211628640646771e-01
1.412857079999999951e+04,9.398979115658119554e-02
1.415935199999999895e+04,8.345000996172410868e-02
1.419013319999999840e+04,1.088905044996973936e-01
1.422091439999999966e+04,8.909431123699575183e-02
1.425169559999999910e+04,9.046936070064537372e-02
1.428247679999999855e+04,7.303673822649939251e-02
1.431325799999999981e+04,7.442779016312543738e-02
1.434403919999999925e+04,8.697343940981917820e-02
1.437482039999999870e+04,9.636974690285705913e-02
1.440560159999999996e+04,1.111551091350261311e-01
1.443638279999999941e+04,8.349682178416649447e-02
1.446716399999999885e+04,9.336280358900575504e-02
1.449794520000000011e+04,1.035726498497127473e-01
1.452872639999999956e+04,1.225692552332868918e-01
1.455950759999999900e+04,1.273720784444818677e-01
1.459028879999999845e+04,1.258048938988744203e-01
1.462106999999999971e+04,1.253517451888436773e-01
1.465185119999999915e+04,1.320891199211640110e-01
1.468263239999999860e+04,1.115239345418260891e-01
1.471341359999999986e+04,8.375628677112074982e-02
1.474419479999999930e+04,9.756031145555567330e-02
1.477497599999999875e+04,8.388143138414812239e-02
1.480575720000000001e+04,8.919881879213255316e-02
1.483653839999999946e+04,8.365140892836193942e-02
1.486731959999999890e+04,8.026532612261999544e-02
1.489810079999999834e+04,8.234037612556453778e-02
1.492888199999999961e+04,1.263108020342251225e-01
1.495966319999999905e+04,1.009722105957919641e-01
1.499044439999999850e+04,8.803837781811259255e-02
1.502122559999999976e+04,7.211098611706198702e-02
1.505200679999999920e+04,8.741491199366713261e-02
1.508278799999999865e+04,8.159096954387194678e-02
1.511356919999999991e+04,8.224915046639554028e-02
1.514435039999999935e+04,6.318368883464633989e-02
1.517513159999999880e+04,7.407842101559158898e-02
1.520591280000000006e+04,7.623640239316424594e-02
1.523669399999999951e+04,8.014122019457692314e-02
1.526747519999999895e+04,8.301054906000143729e-02
1.529825639999999839e+04,7.538729570258327628e-02
1.532903759999999966e+04,6.112640905065130220e-02
1.535981879999999910e+04,6.840789995895212028e-02
1.539059999999999854e+04,8.556909068005776053e-02
1.542138119999999981e+04,9.537025154235830027e-02
1.545216239999999925e+04,9.703982176360217982e-02
1.548294359999999870e+04,8.618734448885707888e-02
1.551372479999999996e+04,9.060088961195354729e-02
1.554450599999999940e+04,1.175577357368797343e-01
1.557528719999999885e+04,1.257600777734307618e-01
1.560606839999999829e+04,1.357249757870928608e-01
1.563684959999999955e+04,1.454166132777950649e-01
1.566763079999999900e+04,1.367020242732538138e-01
1.569841199999999844e+04,8.702091559704716595e-02
1.572919319999999971e+04,1.128345617553421776e-01
1.575997439999999915e+04,9.725025007981552561e-02
1.579075559999999859e+04,9.511404638424648950e-02
1.582153679999999986e+04,1.139769678156476590e-01
1.585231799999999930e+04,1.312143036256118722e-01
1.588309919999999875e+04,1.137362073227700804e-01
1.591388040000000001e+04,1.312535363209485773e-01
1.594466159999999945e+04,9.497486999066739877e-02
1.597544279999999890e+04,8.074250019990140970e-02
1.600622399999999834e+04,7.230691373502347308e-02
1.603700519999999960e+04,8.430329700817407179e-02
1.606778639999999905e+04,7.837489795777072277e-02
1.609856759999999849e+04,1.003292021452891342e-01
1.612934879999999976e+04,1.111920592266058411e-01
1.616012999999999920e+04,1.351819086233039535e-01
1.619091119999999864e+04,1.398230082582876121e-01
1.622169239999999991e+04,1.605531226262389144e-01
1.625247359999999935e+04,1.251942888316587565e-01
1.628325479999999880e+04,6.160616970122877872e-02
1.631403599999999824e+04,6.568104744892952485e-02
1.634481719999999950e+04,6.496049463257877465e-02
1.637559839999999895e+04,5.724058456524937222e-02
1.640637960000000021e+04,6.548915835026544729e-02
1.643716079999999783e+04,7.798740761926324649e-02
1.646794199999999910e+04,1.034243162288039086e-01
1.649872320000000036e+04,1.420339060242488960e-01
1.652950439999999799e+04,1.029025045585796605e-01
1.656028559999999925e+04,7.279056984282508691e-02
1.659106680000000051e+04,6.221231859012308490e-02
1.662184799999999814e+04,6.270360841131536467e-02
1.665262919999999940e+04,5.904628702789543188e-02
1.668341040000000066e+04,6.419683973325404636e-02
1.671419159999999829e+04,7.670004400089190655e-02
1.674497279999999955e+04,7.933160380569460879e-02
1.677575400000000081e+04,9.857129464411482078e-02
1.680653519999999844e+04,1.512329586218829902e-01
1.683731639999999970e+04,2.661781133528862142e-01
1.686809759999999733e+04,1.288237694814468037e-01
1.689887879999999859e+04,6.952404731489582324e-02
1.692965999999999985e+04,7.820991107594141289e-02
1.696044119999999748e+04,5.819941495384956670e-02
1.699122239999999874e+04,8.368836635357859710e-02
1.702200360000000001e+04,6.519234666166955072e-02
1.705278479999999763e+04,7.787818113406706766e-02
1.708356599999999889e+04,8.044778567125830671e-02
1.711434720000000016e+04,7.797868266474215770e-02
1.714512839999999778e+04,4.927137845963917850e-02
1.717590959999999905e+04,3.862526625898519278e-02
1.720669080000000031e+04,3.452984992074535631e-02
1.723747199999999793e+04,4.733966876878782648e-02
1.726825319999999920e+04,5.427305750188318040e-02
1.729903440000000046e+04,5.356974288531319434e-02
1.732981559999999808e+04,5.309224929755710504e-02
1.736059679999999935e+04,5.427134087658532641e-02
1.739137800000000061e+04,6.119372427392766323e-02
1.742215919999999824e+04,5.703477496714071809e-02
1.745294039999999950e+04,7.047828692256308258e-02
1.748372160000000076e+04,7.619828224176680709e-02
1.751450279999999839e+04,7.647586884036633448e-02
1.754528399999999965e+04,7.022468627900257943e-02
1.757606519999999728e+04,6.893197016169730351e-02
1.760684639999999854e+04,7.555797068059759425e-02
1.763762759999999980e+04,8.086562338000552463e-02
1.766840879999999743e+04,7.457329390352979148e-02
1.769918999999999869e+04,7.403513242482637202e-02
1.772997119999999995e+04,7.101164483527312721e-02
1.776075239999999758e+04,6.966940394205863030e-02
1.779153359999999884e+04,6.031417188125957202e-02
1.782231480000000010e+04,6.064936937347366330e-02
1.785309599999999773e+04,8.792354155231443813e-02
1.788387719999999899e+04,9.552734452827617295e-02
1.791465840000000026e+04,1.147071756630083511e-01
1.794543959999999788e+04,1.102571337867627038e-01
1.797622079999999914e+04,7.626021378002512119e-02
1.800700200000000041e+04,5.396710685879094194e-02
1.803778319999999803e+04,5.847357721733392744e-02
1.806856439999999930e+04,4.871900005434778858e-02
1.809934560000000056e+04,6.140369646308597995e-02
1.813012679999999818e+04,6.711391288844899272e-02
1.816090799999999945e+04,9.765626490767456702e-02
1.819168920000000071e+04,1.434675011916172471e-01
1.822247039999999834e+04,1.168106757938403711e-01
1.825325159999999960e+04,9.095717164756264572e-02
1.828403279999999722e+04,1.038943260355652543e-01
1.831481399999999849e+04,1.413253205768253973e-01
1.834559519999999975e+04,1.825940671704799623e-01
1.837637639999999737e+04,1.532379486794410717e-01
1.840715759999999864e+04,1.687781211632899125e-01
1.843793879999999990e+04,1.615853574095694190e-01
1.846871999999999753e+04,1.632602325771631557e-01
1.849950119999999879e+04,1.443178764717640006e-01
1.853028240000000005e+04,1.677080563413011760e-01
1.856106359999999768e+04,2.051906329215852642e-01
1.859184479999999894e+04,1.250655300026970451e-01
1.862262600000000020e+04,9.675841811355245792e-02
1.865340719999999783e+04,9.609478952095157345e-02
1.868418839999999909e+04,1.042036444653694771e-01
1.871496960000000036e+04,7.997553466441889580e-02
1.874575079999999798e+04,8.039465835804107674e-02
1.877653199999999924e+04,8.605013859550593447e-02
1.880731320000000051e+04,1.307540827735095001e-01
1.883809439999999813e+04,1.157156648388932146e-01
1.886887559999999939e+04,7.894837425145724563e-02
1.889965680000000066e+04,6.265734767022204665e-02
1.893043799999999828e+04,7.330544811173202169e-02
1.896121919999999955e+04,6.274170973068650403e-02
1.899200039999999717e+04,5.980066214224040444e-02
1.902278159999999843e+04,5.604137078283283335e-02
1.905356279999999970e+04,5.489894261707919942e-02
1.908434399999999732e+04,7.060252822005605444e-02
1.911512519999999859e+04,6.388124852246461483e-02
1.914590639999999985e+04,6.564462312706982605e-02
1.917668759999999747e+04,8.207055285688144575e-02
1.920746879999999874e+04,6.012924258584197851e-02
1.923825000000000000e+04,6.614816657767867702e-02
1.926903119999999763e+04,7.919397220472673693e-02
1.929981239999999889e+04,1.121135272815585865e-01
1.933059360000000015e+04,8.187568230619557408e-02
1.936137479999999778e+04,8.343631256882028113e-02
1.939215599999999904e+04,6.725443604665806707e-02
1.942293720000000030e+04,5.909005143948375255e-02
1.945371839999999793e+04,9.071648740497133268e-02
1.948449959999999919e+04,6.203930619622029935e-02
1.951528080000000045e+04,4.858324012109298262e-02
1.954606199999999808e+04,4.476931636665031772e-02
1.957684319999999934e+04,3.777976782121619803e-02
1.960762440000000061e+04,2.694574199485968297e-02
1.963840559999999823e+04,4.195485592757087351e-02
1.966918679999999949e+04,5.494594284317487476e-02
1.969996800000000076e+04,5.070877312788199531e-02
1.973074919999999838e+04,4.691248763049270243e-02
1.976153039999999964e+04,4.644208632643161833e-02
1.979231159999999727e+04,5.793861498090992213e-02
1.982309279999999853e+04,5.483262914411754507e-02
1.985387399999999980e+04,5.699151448397827419e-02
1.988465519999999742e+04,6.497534186198755668e-02
1.991543639999999868e+04,7.120544575525504516e-02
1.994621759999999995e+04,5.963486396852392402e-02
1.997699879999999757e+04,6.614197953739392455e-02
2.000777999999999884e+04,6.506883633614515827e-02
2.003856120000000010e+04,7.211928902330229374e-02
2.006934239999999772e+04,7.507322661744694758e-02
2.010012359999999899e+04,6.632419488107295369e-02
2.013090480000000025e+04,7.593082730610374587e-02
2.016168599999999788e+04,1.022398728350237124e-01
2.019246719999999914e+04,9.096260741646154668e-02
2.022324840000000040e+04,1.086429470873520459e-01
2.025402959999999803e+04,9.404882105225878530e-02
2.028481079999999929e+04,1.080714493739238641e-01
2.031559200000000055e+04,1.130033722164541510e-01
2.034637319999999818e+04,1.158064214259557911e-01
2.037715439999999944e+04,1.097718660196095458e-01
2.040793560000000070e+04,7.925858739942312492e-02
2.043871679999999833e+04,8.863985710435542953e-02
2.046949799999999959e+04,9.159943616124134602e-02
2.050027919999999722e+04,8.958466920135040035e-02
2.053106039999999848e+04,1.181093727784088415e-01
2.056184159999999974e+04,8.910040635371069273e-02
2.059262279999999737e+04,8.534812507960760908e-02
2.062340399999999863e+04,1.277529051420807360e-01
2.065418519999999990e+04,1.513287081318952787e-01
2.068496639999999752e+04,2.293476472004252753e-01
2.071574759999999878e+04,3.024733740360239787e-01
2.074652880000000005e+04,1.129082906275615666e-01
2.077730999999999767e+04,8.403899872015886674e-02
2.080809119999999893e+04,8.099477344778661936e-02
2.083887240000000020e+04,7.023409442003153424e-02
2.086965359999999782e+04,8.085533173658535078e-02
2.090043479999999909e+04,8.294802526959885181e-02
2.093121600000000035e+04,8.876996389018979028e-02
2.096199719999999797e+04,1.016478685365853757e-01
2.099277839999999924e+04,1.187507365391137215e-01
2.102355960000000050e+04,1.217918120929309400e-01
2.105434079999999813e+04,1.609123896084075911e-01
2.108512199999999939e+04,2.237028226644020845e-01
2.111590320000000065e+04,2.084486064326677712e-01
2.114668439999999828e+04,1.659071861503708945e-01
2.117746559999999954e+04,1.529380847217496342e-01
2.120824679999999717e+04,1.799062851673269570e-01
2.123902799999999843e+04,2.587490197445048157e-01
2.126980919999999969e+04,2.371775248099329270e-01
2.130059039999999732e+04,1.809206474794440300e-01
2.133137159999999858e+04,2.184176746762299948e-01
2.136215279999999984e+04,1.564166428682096099e-01
2.139293399999999747e+04,1.348606712331852642e-01
2.142371519999999873e+04,9.147232528581449029e-02
2.145449639999999999e+04,5.648325143715135499e-02
2.148527759999999762e+04,5.672888083993068292e-02
2.151605879999999888e+04,4.948753456846016058e-02
2.154684000000000015e+04,4.205392968027273082e-02
2.157762119999999777e+04,3.970058921799453355e-02
2.160840239999999903e+04,4.511390257433633283e-02
2.163918360000000030e+04,5.978149320160472402e-02
2.166996479999999792e+04,6.471942224970499147e-02
2.170074599999999919e+04,6.542702542599751481e-02
2.173152720000000045e+04,6.705242244497444659e-02
2.176230839999999807e+04,5.046769171097969381e-02
2.179308959999999934e+04,4.655802713856080355e-02
2.182387080000000060e+04,3.926608531925455947e-02
2.185465199999999822e+04,3.530786613295607695e-02
2.188543319999999949e+04,4.700606997937305936e-02
2.191621439999999711e+04,4.768510717689451034e-02
2.194699559999999838e+04,6.607119101988694065e-02
2.197777679999999964e+04,6.470113792337685299e-02
2.200855799999999726e+04,5.719967688599452565e-02
2.203933919999999853e+04,5.380176327350586624e-02
2.207012039999999979e+04,3.770933516400758190e-02
2.210090159999999742e+04,3.333763216590317907e-02
2.213168279999999868e+04,3.221302804316130558e-02
2.216246399999999994e+04,3.379231948783172762e-02
2.219324519999999757e+04,4.993970142692229913e-02
2.222402639999999883e+04,5.137313235717157894e-02
2.225480760000000009e+04,5.144696572216455460e-02
2.228558879999999772e+04,8.085680391655664101e-02
2.231636999999999898e+04,6.913962908141135788e-02
2.234715120000000024e+04,8.923209206251531134e-02
2.237793239999999787e+04,8.119313722492756125e-02
2.240871359999999913e+04,6.083188210466605739e-02
2.243949480000000040e+04,5.471795360431293276e-02
2.247027599999999802e+04,7.416087318122621674e-02
2.250105719999999928e+04,8.185952406765052702e-02
2.253183840000000055e+04,4.687800458043434731e-02
2.256261959999999817e+04,4.002848054248729637e-02
2.259340079999999944e+04,4.545796605189324213e-02
2.262418199999999706e+04,5.285315333535758192e-02
2.265496319999999832e+04,4.686438678525733925e-02
2.268574439999999959e+04,6.349892147770187789e-02
2.271652559999999721e+04,8.588314754336781598e-02
2.274730679999999847e+04,5.941239027696125496e-02
2.277808799999999974e+04,4.086623538476467921e-02
2.280886919999999736e+04,3.691372439739044192e-02
2.283965039999999863e+04,2.736342393081665075e-02
2.287043159999999989e+04,3.400743658399816433e-02
2.290121279999999751e+04,3.800903357039725483e-02
2.293199399999999878e+04,3.404649735687723111e-02
2.296277520000000004e+04,4.110726683036726448e-02
2.299355639999999767e+04,4.552143679871411414e-02
2.302433759999999893e+04,5.716783802658464975e-02
2.305511880000000019e+04,5.932598634156826395e-02
2.308589999999999782e+04,5.163996171033080618e-02
2.311668119999999908e+04,3.335457036757178556e-02
2.314746240000000034e+04,3.962701054416094271e-02
2.317824359999999797e+04,5.225268024559275720e-02
2.320902479999999923e+04,6.181030899305230142e-02
2.323980600000000049e+04,8.031196770157925102e-02
2.327058719999999812e+04,6.104926367727008668e-02
2.330136839999999938e+04,5.458129159716322565e-02
2.333214959999999701e+04,5.413940578250811542e-02
2.336293079999999827e+04,5.712966449741616742e-02
2.339371199999999953e+04,6.534761983151234077e-02
2.342449319999999716e+04,6.165549523955295153e-02
2.345527439999999842e+04,6.682091043589669099e-02
2.348605559999999969e+04,8.822548839390344233e-02
2.351683679999999731e+04,7.620926265085709028e-02
2.354761799999999857e+04,6.740035714871042694e-02
2.357839919999999984e+04,7.270077459597973357e-02
2.360918039999999746e+04,7.107908206620366931e-02
2.363996159999999873e+04,5.674080174323250375e-02
2.367074279999999999e+04,4.281287300801232126e-02
2.370152399999999761e+04,6.066926104511359552e-02
2.373230519999999888e+04,6.935382539185556972e-02
2.376308640000000014e+04,8.876463675169758705e-02
2.379386759999999776e+04,1.094565572762758454e-01
2.382464879999999903e+04,1.213751690013745860e-01
2.385543000000000029e+04,8.201236685229222612e-02
2.388621119999999792e+04,9.935605411560829991e-02
2.391699239999999918e+04,1.022482584181584331e-01
2.394777360000000044e+04,1.052559800036982351e-01
2.397855479999999807e+04,1.389169425787559753e-01
2.400933599999999933e+04,9.992542492608785798e-02
2.404011719999999696e+04,1.516169306051107502e-01
2.407089839999999822e+04,1.698414624480331647e-01
2.410167959999999948e+04,2.112604130961186488e-01
2.413246079999999711e+04,2.252263813589793218e-01
2.416324199999999837e+04,1.455482133347845708e-01
2.419402319999999963e+04,1.464697615032267419e-01
2.422480439999999726e+04,1.193327798202967749e-01
2.425558559999999852e+04,9.936894302114886168e-02
2.428636679999999978e+04,1.144278706880664520e-01
2.431714799999999741e+04,1.466301704696240660e-01
2.434792919999999867e+04,1.251202390191757108e-01
2.437871039999999994e+04,8.929798567543616172e-02
2.440949159999999756e+04,1.630027988617389068e-01
2.444027279999999882e+04,1.464232231319805566e-01
2.447105400000000009e+04,6.882602697491460586e-02
2.450183519999999771e+04,4.926875832367436092e-02
2.453261639999999898e+04,4.855525842230572903e-02
2.456339760000000024e+04,5.384188604235378567e-02
2.459417879999999786e+04,6.288670432800419485e-02
2.462495999999999913e+04,6.517228099257284246e-02
2.465574120000000039e+04,5.766964082104761302e-02
2.468652239999999802e+04,6.780591294229237898e-02
2.471730359999999928e+04,7.637879383102798292e-02
2.474808479999999690e+04,7.065977914447058028e-02
2.477886599999999817e+04,7.125545651958392623e-02
2.480964719999999943e+04,7.904612055367819801e-02
2.484042839999999705e+04,7.898213977672369213e-02
2.487120959999999832e+04,7.472769218880069564e-02
2.490199079999999958e+04,6.415092385023130062e-02
2.493277199999999721e+04,4.593498460970144026e-02
2.496355319999999847e+04,4.486569819262617442e-02
2.499433439999999973e+04,4.945282116447060478e-02
2.502511559999999736e+04,4.727646869443389438e-02
2.505589679999999862e+04,4.081625672533813892e-02
2.508667799999999988e+04,4.761739409831492603e-02
2.511745919999999751e+04,4.928824345177741650e-02
2.514824039999999877e+04,5.361581434347302555e-02
2.517902160000000003e+04,6.405305361386144647e-02
2.520980279999999766e+04,8.285303384114504899e-02
2.524058399999999892e+04,8.748458327932566447e-02
2.527136520000000019e+04,7.225497047469350842e-02
2.530214639999999781e+04,5.268633003760593569e-02
2.533292759999999907e+04,5.392380069035600243e-02
2.536370880000000034e+04,5.856872933136891141e-02
2.539448999999999796e+04,6.379990538793001154e-02
2.542527119999999923e+04,5.842231239748367499e-02
2.545605239999999685e+04,4.787171880153642811e-02
2.548683359999999811e+04,5.277332258827921452e-02
2.551761479999999938e+04,5.961313932934764886e-02
2.554839599999999700e+04,5.204205815871083829e-02
2.557917719999999827e+04,4.743960039054581634e-02
2.560995839999999953e+04,5.137396758559808346e-02
2.564073959999999715e+04,5.651463104239657503e-02
2.567152079999999842e+04,7.428967391495787387e-02
2.570230199999999968e+04,7.741950074130603265e-02
2.573308319999999730e+04,6.701261827813849437e-02
2.576386439999999857e+04,7.343994025001279735e-02
2.579464559999999983e+04,8.013903174511277649e-02
2.582542679999999746e+04,8.975553038211107892e-02
2.585620799999999872e+04,1.231181699915953609e-01
2.588698919999999998e+04,1.253619554074300313e-01
2.591777039999999761e+04,1.124171553111408955e-01
2.594855159999999887e+04,1.097747737534594120e-01
2.597933280000000013e+04,1.229919846304905751e-01
2.601011399999999776e+04,1.446400074146119152e-01
2.604089519999999902e+04,1.140296689985027118e-01
2.607167640000000029e+04,1.085727777177055986e-01
2.610245759999999791e+04,1.306534002985566822e-01
2.613323879999999917e+04,1.027990621288071699e-01
2.616401999999999680e+04,1.174171503619700213e-01
2.619480119999999806e+04,8.426382339369760388e-02
2.622558239999999932e+04,9.878352393080243321e-02
2.625636359999999695e+04,9.198999671338689565e-02
2.628714479999999821e+04,1.305755315853847354e-01
2.631792599999999948e+04,1.027922636863383837e-01
2.634870719999999710e+04,7.947186577803122542e-02
2.637948839999999836e+04,5.285682328743170760e-02
2.641026959999999963e+04,4.217646342826540662e-02
2.644105079999999725e+04,4.406514031218217164e-02
2.647183199999999852e+04,4.764734820671105708e-02
2.650261319999999978e+04,4.550918384550728391e-02
2.653339439999999740e+04,5.447543612679948966e-02
2.656417559999999867e+04,6.466843477096351211e-02
2.659495679999999993e+04,6.228425191943101624e-02
2.662573799999999756e+04,7.925188651339229451e-02
2.665651919999999882e+04,7.013522046037344582e-02
2.668730040000000008e+04,6.621385351315035861e-02
2.671808159999999771e+04,8.549861311868792169e-02
2.674886279999999897e+04,1.021106865644431233e-01
2.677964400000000023e+04,1.068165435306234895e-01
2.681042519999999786e+04,9.303094485196919394e-02
2.684120639999999912e+04,9.274123440762500892e-02
2.687198759999999675e+04,9.872883423947746706e-02
2.690276879999999801e+04,9.846066218152414729e-02
2.693354999999999927e+04,1.038084046130418742e-01
2.696433119999999690e+04,6.986479587120530965e-02
2.699511239999999816e+04,6.760051277268822045e-02
2.702589359999999942e+04,7.729884106112841491e-02
2.705667479999999705e+04,8.407575741334930020e-02
2.708745599999999831e+04,1.064389114655535651e-01
2.711823719999999958e+04,1.479105011618335186e-01
2.714901839999999720e+04,2.665063155114976712e-01
2.717979959999999846e+04,2.297935948472060175e-01
2.721058079999999973e+04,1.512784902221608607e-01
2.724136199999999735e+04,1.713417760744209983e-01
2.727214319999999861e+04,1.556619336599356640e-01
2.730292439999999988e+04,1.030915449089286340e-01
2.733370559999999750e+04,8.612252548265122987e-02
2.736448679999999877e+04,8.147504796159346641e-02
2.739526800000000003e+04,7.979685543258724367e-02
2.742604919999999765e+04,7.127526979154898135e-02
2.745683039999999892e+04,6.442976823465818015e-02
2.748761160000000018e+04,5.914064640616146368e-02
2.751839279999999781e+04,5.360409141470862115e-02
2.754917399999999907e+04,4.443597597860429044e-02
2.757995519999999669e+04,5.228597779134636081e-02
2.761073639999999796e+04,5.788250454779271525e-02
2.764151759999999922e+04,5.395182813162707758e-02
2.767229879999999685e+04,5.304308416245668428e-02
2.770307999999999811e+04,4.154607298682773397e-02
2.773386119999999937e+04,4.688703492692172098e-02
2.776464239999999700e+04,6.069375936710249414e-02
2.779542359999999826e+04,5.565936386864315383e-02
2.782620479999999952e+04,4.898118383368000456e-02
2.785698599999999715e+04,4.962062407082528520e-02
2.788776719999999841e+04,7.075386871998920468e-02
2.791854839999999967e+04,7.845426778128231082e-02
2.794932959999999730e+04,6.655035131238283552e-02
2.798011079999999856e+04,6.150668305659110630e-02
2.801089199999999983e+04,7.447545816458468748e-02
2.804167319999999745e+04,6.659859889359170948e-02
2.807245439999999871e+04,5.131140916947794089e-02
2.810323559999999998e+04,8.459835373598410813e-02
2.813401679999999760e+04,9.415006011204019032e-02
2.816479799999999886e+04,1.527793335840471611e-01
2.819557920000000013e+04,1.403896204208670839e-01
2.822636039999999775e+04,7.811901512952679205e-02
2.825714159999999902e+04,8.115547315354981750e-02
2.828792280000000028e+04,7.768084158323401711e-02
2.831870399999999790e+04,3.263534093245395312e-02
2.834948519999999917e+04,2.384092325270909321e-02
2.838026639999999679e+04,2.981467738594665434e-02
2.841104759999999806e+04,3.043285771860277517e-02
2.844182879999999932e+04,2.603554061010384529e-02
2.847260999999999694e+04,3.500601828485384176e-02
2.850339119999999821e+04,4.088848963829060795e-02
2.853417239999999947e+04,2.833437271127407786e-02
2.856495359999999710e+04,3.324579433456873595e-02
2.859573479999999836e+04,4.554400102670520117e-02
2.862651599999999962e+04,4.355482916498620849e-02
2.865729719999999725e+04,5.329165544714484226e-02
2.868807839999999851e+04,4.338436168136856202e-02
2.871885959999999977e+04,4.295378593568919406e-02
2.874964079999999740e+04,3.917504528227813698e-02
2.878042199999999866e+04,3.938600319184284992e-02
2.881120319999999992e+04,3.638045627508776358e-02
2.884198439999999755e+04,6.082219129315811351e-02
2.887276559999999881e+04,7.386199155371900305e-02
2.890354680000000008e+04,6.541745307504819029e-02
2.893432799999999770e+04,9.014267347580756651e-02
2.896510919999999896e+04,8.148938600239337415e-02
2.899589040000000023e+04,7.402583966980878782e-02
2.902667159999999785e+04,9.912524334093948675e-02
2.905745279999999912e+04,6.303682633536106250e-02
2.908823399999999674e+04,5.520297641226687424e-02
2.911901519999999800e+04,3.564014966743642848e-02
2.914979639999999927e+04,3.138628050953983645e-02
2.918057759999999689e+04,3.846746194633663546e-02
2.921135879999999815e+04,4.646536378350271668e-02
2.924213999999999942e+04,4.633747159602289584e-02
2.927292119999999704e+04,6.799540723112745821e-02
2.930370239999999831e+04,8.993744585031399064e-02
2.933448359999999957e+04,1.261452588600409930e-01
2.936526479999999719e+04,1.350510087566825779e-01
2.939604599999999846e+04,1.682992906638060560e-01
2.942682719999999972e+04,1.107280731754402003e-01
2.945760839999999735e+04,6.938199195352101611e-02
2.948838959999999861e+04,4.229982066783484485e-02
2.951917079999999987e+04,5.348031327915318822e-02
2.954995199999999750e+04,4.740409625976289149e-02
2.958073319999999876e+04,5.302000195821659351e-02
2.961151440000000002e+04,7.389593631911106630e-02
2.964229559999999765e+04,5.643138727339813698e-02
2.967307679999999891e+04,3.711202326744829361e-02
2.970385800000000017e+04,2.228847809727984783e-02
2.973463919999999780e+04,1.731567388037193872e-02
2.976542039999999906e+04,1.106192167077695888e-02
2.979620159999999669e+04,1.321136623248228732e-02
2.982698279999999795e+04,1.417682138916025007e-02
2.985776399999999921e+04,1.560405997072943085e-02
2.988854519999999684e+04,1.693031818898184382e-02
2.991932639999999810e+04,1.591223892914650842e-02
2.995010759999999937e+04,1.743857408324223437e-02
2.998088879999999699e+04,1.915547666511616468e-02
3.001166999999999825e+04,2.455682023501314093e-02
3.004245119999999952e+04,2.519837057183616294e-02
3.007323239999999714e+04,3.107031785154241305e-02
3.010401359999999841e+04,2.061237952526590034e-02
3.013479479999999967e+04,1.801748662097272038e-02
3.016557599999999729e+04,2.137457458292140941e-02
3.019635719999999856e+04,2.157987134038306248e-02
3.022713839999999982e+04,2.087478791059201380e-02
3.025791959999999744e+04,1.879222545200752784e-02
3.028870079999999871e+04,2.019252360139923638e-02
3.031948199999999997e+04,2.340956615934433951e-02
3.035026319999999760e+04,2.783898816275126586e-02
3.038104439999999886e+04,5.806088326497577112e-02
3.041182560000000012e+04,6.120986658866068436e-02
3.044260679999999775e+04,3.795815384053436575e-02
3.047338799999999901e+04,3.996428898116995837e-02
3.050416919999999664e+04,4.984926486920423366e-02
3.053495039999999790e+04,4.901028366850306017e-02
3.056573159999999916e+04,3.874978570365419234e-02
3.059651279999999679e+04,4.252925767330111018e-02
3.062729399999999805e+04,4.660853171313194404e-02
3.065807519999999931e+04,6.603884593928754931e-02
3.068885639999999694e+04,1.168654580211045263e-01
3.071963759999999820e+04,8.937640473386393447e-02
3.075041879999999946e+04,7.358991414256603469e-02
3.078119999999999709e+04,9.315357689862327484e-02
3.081198119999999835e+04,9.873357353376645273e-02
3.084276239999999962e+04,8.097756263308455993e-02
3.087354359999999724e+04,5.236030472116486034e-02
3.090432479999999850e+04,4.718515980843321356e-02
3.093510599999999977e+04,5.275183722428976318e-02
3.096588719999999739e+04,7.831642993359072547e-02
3.099666839999999866e+04,9.476344561979872794e-02
3.102744959999999992e+04,5.895208068795558531e-02
3.105823079999999754e+04,5.860717968041972287e-02
3.108901199999999881e+04,6.542324938991173067e-02
3.111979320000000007e+04,5.651845533511307834e-02
3.115057439999999769e+04,3.582002968007304278e-02
3.118135559999999896e+04,2.391441247719545971e-02
3.121213679999999658e+04,2.496002540319946367e-02
3.124291799999999785e+04,2.891242485248061295e-02
3.127369919999999911e+04,4.332858845818777366e-02
3.130448039999999673e+04,2.461603577083125091e-02
3.133526159999999800e+04,2.024448512758923041e-02
3.136604279999999926e+04,2.721558837590505597e-02
3.139682399999999689e+04,3.799091934576036972e-02
3.142760519999999815e+04,5.664970085339829375e-02
3.145838639999999941e+04,4.263857951795693713e-02
3.148916759999999704e+04,4.785338370665461610e-02
