0.000000000000000000e+00,8.897826880720483694e-03
3.078119999999999834e+01,8.164142615456584234e-03
6.156239999999999668e+01,6.917180087022130157e-03
9.234359999999999502e+01,8.081040011136887691e-03
1.231247999999999934e+02,1.026608743590480717e-02
1.539060000000000059e+02,1.088496335383128989e-02
1.846871999999999900e+02,1.488828427321989278e-02
2.154683999999999742e+02,1.896862168487567848e-02
2.462495999999999867e+02,1.428060834876274457e-02
2.770307999999999993e+02,1.205083294517728457e-02
3.078120000000000118e+02,9.515232441247576875e-03
3.385931999999999675e+02,1.120123546626190097e-02
3.693743999999999801e+02,1.094954105898290203e-02
4.001555999999999926e+02,1.078592725957466282e-02
4.309367999999999483e+02,1.191568272408232917e-02
4.617179999999999609e+02,2.151517385974879848e-02
4.924991999999999734e+02,1.840579134355036645e-02
5.232803999999999860e+02,2.627400325485640051e-02
5.540615999999999985e+02,1.754409743332074195e-02
5.848428000000000111e+02,1.461478466835836043e-02
6.156240000000000236e+02,1.247138009289268032e-02
6.464051999999999225e+02,1.471280690803248095e-02
6.771863999999999351e+02,9.772307224386623040e-03
7.079675999999999476e+02,8.664485400613135962e-03
7.387487999999999602e+02,1.037875610410429576e-02
7.695299999999999727e+02,1.565595360331983182e-02
8.003111999999999853e+02,1.944027190700185065e-02
8.310923999999999978e+02,1.360062024678137908e-02
8.618735999999998967e+02,1.301937918511053907e-02
8.926547999999999092e+02,1.389139315234648106e-02
9.234359999999999218e+02,1.447362564911011500e-02
9.542171999999999343e+02,1.547356928847010496e-02
9.849983999999999469e+02,1.271431986244544142e-02
1.015779599999999959e+03,1.225422469514384979e-02
1.046560799999999972e+03,1.281242042129203396e-02
1.077341999999999871e+03,1.897830166568717850e-02
1.108123199999999997e+03,1.264010385411807290e-02
1.138904399999999896e+03,1.216203796214193611e-02
1.169685600000000022e+03,1.425608285409932056e-02
1.200466799999999921e+03,1.439742591471207880e-02
1.231248000000000047e+03,1.348221187805043360e-02
1.262029199999999946e+03,1.291013673767308842e-02
1.292810399999999845e+03,1.263974312598002692e-02
1.323591599999999971e+03,1.827463291791008720e-02
1.354372799999999870e+03,1.358356974348639938e-02
1.385153999999999996e+03,1.785408141642503416e-02
1.415935199999999895e+03,1.875824314410446877e-02
1.446716400000000021e+03,1.304924831782368864e-02
1.477497599999999920e+03,1.019657929638602585e-02
1.508278799999999819e+03,7.195826109963681175e-03
1.539059999999999945e+03,1.179920645366219767e-02
1.569841199999999844e+03,7.604411559023023341e-03
1.600622399999999971e+03,7.774354120287834194e-03
1.631403599999999869e+03,7.138574651185046818e-03
1.662184799999999996e+03,6.957636596661428280e-03
1.692965999999999894e+03,7.387165672882510352e-03
1.723747199999999793e+03,1.225263684213679163e-02
1.754528399999999920e+03,1.732859131968820729e-02
1.785309599999999818e+03,2.182123611949480374e-02
1.816090799999999945e+03,2.547653737608968419e-02
1.846871999999999844e+03,2.870643636658440009e-02
1.877653199999999970e+03,2.422600517548283497e-02
1.908434399999999869e+03,1.686555478452051240e-02
1.939215599999999995e+03,1.692903657604124049e-02
1.969996799999999894e+03,1.624026790758564126e-02
2.000777999999999793e+03,1.786494919307892240e-02
2.031559199999999919e+03,3.489316651250218282e-02
2.062340400000000045e+03,2.051613359993312291e-02
2.093121599999999944e+03,3.137501425127346005e-02
2.123902799999999843e+03,1.887574263165697416e-02
2.154683999999999742e+03,2.064308731231003294e-02
2.185465200000000095e+03,2.034189761887465059e-02
2.216246399999999994e+03,1.334070694053038526e-02
2.247027599999999893e+03,1.068656975938789104e-02
2.277808799999999792e+03,7.688467114198444148e-03
2.308589999999999691e+03,8.775733814946513889e-03
2.339371200000000044e+03,9.066798391815140273e-03
2.370152399999999943e+03,7.580368501054465802e-03
2.400933599999999842e+03,6.695473096124263460e-03
2.431714799999999741e+03,8.661406654266462155e-03
2.462496000000000095e+03,5.937117191181165952e-03
2.493277199999999993e+03,7.661925295020368364e-03
2.524058399999999892e+03,1.167383335003542230e-02
2.554839599999999791e+03,8.270751111267083885e-03
2.585620799999999690e+03,9.862795674185520500e-03
2.616402000000000044e+03,5.975316287769079880e-03
2.647183199999999943e+03,5.313596349656614717e-03
2.677964399999999841e+03,5.579128526333877562e-03
2.708745599999999740e+03,4.380061698896182444e-03
2.739526799999999639e+03,3.692304235244301021e-03
2.770307999999999993e+03,2.898940310077734346e-03
2.801089199999999892e+03,3.296093772934299837e-03
2.831870399999999790e+03,3.263447147109695134e-03
2.862651599999999689e+03,2.930260953551140461e-03
2.893432800000000043e+03,3.410477432478800034e-03
2.924213999999999942e+03,3.381051286811966473e-03
2.954995199999999841e+03,3.796019699776412033e-03
2.985776399999999740e+03,4.554866783562836439e-03
3.016557599999999638e+03,4.558377029639132036e-03
3.047338799999999992e+03,7.728894464289808031e-03
3.078119999999999891e+03,8.165782112447219840e-03
3.108901199999999790e+03,9.770168530677261765e-03
3.139682399999999689e+03,1.389302330305472628e-02
3.170463600000000042e+03,1.486477439105702431e-02
3.201244799999999941e+03,1.387156861636464761e-02
3.232025999999999840e+03,1.072855498341185841e-02
3.262807199999999739e+03,8.185492791074923391e-03
3.293588399999999638e+03,5.978729510836253841e-03
3.324369599999999991e+03,7.021149772915594341e-03
3.355150799999999890e+03,6.128812684652320056e-03
3.385931999999999789e+03,6.197426108867819944e-03
3.416713199999999688e+03,6.399225220795222088e-03
3.447494399999999587e+03,9.290388397328741207e-03
3.478275599999999940e+03,3.848030777817427767e-03
3.509056799999999839e+03,4.005144970937262426e-03
3.539837999999999738e+03,4.030514556101039148e-03
3.570619199999999637e+03,3.822684281920628573e-03
3.601400399999999991e+03,3.237245357317263591e-03
3.632181599999999889e+03,3.696295394556847747e-03
3.662962799999999788e+03,5.535763580474600647e-03
3.693743999999999687e+03,5.362086156416560542e-03
3.724525199999999586e+03,5.187797067981806884e-03
3.755306399999999940e+03,5.837175784151225726e-03
3.786087599999999838e+03,6.678585807639383226e-03
3.816868799999999737e+03,5.908558424502725892e-03
3.847649999999999636e+03,5.601427980585260528e-03
3.878431199999999990e+03,7.659903438335680277e-03
3.909212399999999889e+03,7.883479804432920110e-03
3.939993599999999788e+03,1.453583399078746743e-02
3.970774799999999686e+03,1.490845779959484342e-02
4.001555999999999585e+03,1.429140701464991746e-02
4.032337199999999939e+03,1.434487573369298830e-02
4.063118399999999838e+03,1.546414496943961971e-02
4.093899599999999737e+03,1.521379940027090330e-02
4.124680800000000090e+03,3.268791803254782885e-02
4.155461999999999534e+03,4.028093407568488632e-02
4.186243199999999888e+03,2.741870167456890786e-02
4.217024399999999332e+03,2.489901265361736671e-02
4.247805599999999686e+03,2.052174635214067469e-02
4.278586800000000039e+03,3.104130111752242960e-02
4.309367999999999483e+03,5.148038404703217386e-02
4.340149199999999837e+03,1.509717973292557663e-02
4.370930400000000191e+03,8.749389570468203703e-03
4.401711599999999635e+03,1.167688196385264707e-02
4.432492799999999988e+03,1.776931887682280803e-02
4.463273999999999432e+03,9.289498426871630257e-03
4.494055199999999786e+03,2.052583624985106561e-02
4.524836400000000140e+03,1.279408638596830038e-02
4.555617599999999584e+03,1.130335631879224312e-02
4.586398799999999937e+03,1.769340463499240179e-02
4.617179999999999382e+03,2.317946196588844057e-02
4.647961199999999735e+03,2.492699878518546061e-02
4.678742400000000089e+03,2.531662025835376001e-02
4.709523599999999533e+03,2.414008427992186609e-02
4.740304799999999886e+03,1.209241011763527614e-02
4.771085999999999331e+03,7.566152656437516791e-03
4.801867199999999684e+03,1.092732935430443600e-02
4.832648400000000038e+03,1.754739157154136184e-02
4.863429599999999482e+03,1.253253372844657931e-02
4.894210799999999836e+03,1.478575696458470611e-02
4.924992000000000189e+03,1.807397324662885982e-02
4.955773199999999633e+03,1.230619207647210868e-02
4.986554399999999987e+03,6.109970394907549528e-03
5.017335599999999431e+03,3.178293010297790402e-03
5.048116799999999785e+03,3.320723004475048621e-03
5.078898000000000138e+03,2.345922345885733101e-03
5.109679199999999582e+03,1.939424239155676521e-03
5.140460399999999936e+03,2.374437677587154429e-03
5.171241599999999380e+03,5.196188310556716650e-03
5.202022799999999734e+03,6.491261413881216531e-03
5.232804000000000087e+03,1.072508297302234535e-02
5.263585199999999531e+03,9.194914685856137720e-03
5.294366399999999885e+03,1.884644834949376555e-02
5.325147599999999329e+03,9.229696761422120574e-03
5.355928799999999683e+03,8.981846032631527615e-03
5.386710000000000036e+03,4.134237066992315149e-03
5.417491199999999480e+03,2.991292701039223196e-03
5.448272399999999834e+03,3.624317179471299964e-03
5.479053599999999278e+03,3.476151433591873584e-03
5.509834799999999632e+03,2.701202465794191616e-03
5.540615999999999985e+03,3.872706121982015266e-03
5.571397199999999430e+03,5.887990104090104655e-03
5.602178399999999783e+03,4.031851709595432251e-03
5.632959600000000137e+03,2.003859630323700115e-03
5.663740799999999581e+03,2.249683837309966739e-03
5.694521999999999935e+03,2.973242189041626609e-03
5.725303199999999379e+03,6.913538585283035033e-03
5.756084399999999732e+03,6.750314509160519616e-03
5.786865600000000086e+03,8.086624979590695608e-03
5.817646799999999530e+03,7.687213350707056310e-03
5.848427999999999884e+03,1.130183224080945001e-02
5.879209199999999328e+03,1.365174558802179257e-02
5.909990399999999681e+03,8.776103030260985066e-03
5.940771600000000035e+03,8.731938122603605940e-03
5.971552799999999479e+03,9.551120255133140058e-03
6.002333999999999833e+03,6.921491333702047000e-03
6.033115199999999277e+03,1.225969920770566060e-02
6.063896399999999630e+03,7.724796378884114106e-03
6.094677599999999984e+03,7.360768403297463305e-03
6.125458799999999428e+03,5.968132224153071229e-03
6.156239999999999782e+03,3.258974469254197117e-03
6.187021199999999226e+03,3.290328004078230725e-03
6.217802399999999579e+03,3.107232663658720129e-03
6.248583599999999933e+03,3.651941173782401791e-03
6.279364799999999377e+03,4.006234766668732850e-03
6.310145999999999731e+03,3.526848150720094353e-03
6.340927200000000084e+03,2.637454951968540035e-03
6.371708399999999529e+03,2.411944285077544103e-03
6.402489599999999882e+03,3.547059179282300787e-03
6.433270799999999326e+03,2.588622174208765093e-03
6.464051999999999680e+03,2.253669751405394748e-03
6.494833200000000033e+03,2.106774146470296455e-03
6.525614399999999478e+03,2.376222377995671105e-03
6.556395599999999831e+03,1.751797184177830789e-03
6.587176799999999275e+03,2.463844553773836439e-03
6.617957999999999629e+03,3.970513824221135954e-03
6.648739199999999983e+03,3.841254805463861517e-03
6.679520399999999427e+03,3.668507998364160111e-03
6.710301599999999780e+03,3.740260686470806874e-03
6.741082799999999224e+03,4.413771277293171424e-03
6.771863999999999578e+03,4.544352307643429595e-03
6.802645199999999932e+03,4.695450248299645052e-03
6.833426399999999376e+03,4.587931293890508237e-03
6.864207599999999729e+03,5.045131709949256076e-03
6.894988799999999173e+03,7.086285329037946522e-03
6.925769999999999527e+03,5.940780391496308134e-03
6.956551199999999881e+03,4.343145090621721577e-03
6.987332399999999325e+03,2.525267289695235558e-03
7.018113599999999678e+03,3.005431148472401288e-03
7.048894800000000032e+03,2.402089789007688658e-03
7.079675999999999476e+03,2.230316720957312062e-03
7.110457199999999830e+03,3.822249361273214689e-03
7.141238399999999274e+03,4.889207354328483669e-03
7.172019599999999627e+03,3.940618641976439789e-03
7.202800799999999981e+03,4.793124567545852498e-03
7.233581999999999425e+03,7.226932902076602799e-03
7.264363199999999779e+03,4.837990443695331690e-03
7.295144399999999223e+03,3.930879869553159482e-03
7.325925599999999577e+03,3.146229524611672632e-03
7.356706799999999930e+03,2.432235739246909820e-03
7.387487999999999374e+03,2.780216607785934279e-03
7.418269199999999728e+03,2.312882120169905756e-03
7.449050399999999172e+03,1.511043530015138006e-03
7.479831599999999526e+03,1.293362930566699159e-03
7.510612799999999879e+03,1.641265202131875515e-03
7.541393999999999323e+03,1.280654043544637508e-03
7.572175199999999677e+03,1.514326000507884183e-03
7.602956400000000031e+03,1.485645824111891207e-03
7.633737599999999475e+03,1.081802536447712838e-03
7.664518799999999828e+03,1.562134814334716158e-03
7.695299999999999272e+03,2.016532420560967261e-03
7.726081199999999626e+03,1.901054983871469650e-03
7.756862399999999980e+03,2.107492228057539305e-03
7.787643599999999424e+03,2.649083363234137640e-03
7.818424799999999777e+03,3.526847500434158577e-03
7.849205999999999221e+03,7.284172150772089474e-03
7.879987199999999575e+03,3.115644915838693824e-03
7.910768399999999929e+03,2.256094398107337182e-03
7.941549599999999373e+03,1.724346001838509028e-03
7.972330799999999726e+03,3.127598664329218469e-03
8.003111999999999171e+03,3.489694373116920389e-03
8.033893199999999524e+03,4.584630585832292528e-03
8.064674399999999878e+03,3.440652595633550068e-03
8.095455599999999322e+03,5.491331366981394395e-03
8.126236799999999675e+03,6.968002000312049048e-03
8.157017999999999120e+03,3.689444803743219606e-03
8.187799199999999473e+03,5.751519216724675608e-03
8.218580399999998917e+03,6.924412587690698638e-03
8.249361600000000180e+03,7.085717358658159652e-03
8.280142799999999625e+03,6.845357817885399862e-03
8.310923999999999069e+03,8.065507403512360216e-03
8.341705200000000332e+03,8.562500224067782356e-03
8.372486399999999776e+03,1.094839811440052185e-02
8.403267599999999220e+03,9.682905999555119561e-03
8.434048799999998664e+03,6.012611070800032674e-03
8.464829999999999927e+03,4.038249612682869548e-03
8.495611199999999371e+03,3.556343343139198483e-03
8.526392399999998815e+03,4.147439172270456741e-03
8.557173600000000079e+03,6.604257696449900884e-03
8.587954799999999523e+03,7.656783051329363841e-03
8.618735999999998967e+03,7.666960892939452855e-03
8.649517200000000230e+03,5.016407604325636913e-03
8.680298399999999674e+03,8.829883589616583164e-03
8.711079599999999118e+03,1.310809775372670863e-02
8.741860800000000381e+03,1.119792563406116735e-02
8.772641999999999825e+03,1.451498515886784184e-02
8.803423199999999269e+03,7.929522703428695113e-03
8.834204399999998714e+03,4.925459846065219707e-03
8.864985599999999977e+03,6.671997994067359501e-03
8.895766799999999421e+03,6.262132678345292379e-03
8.926547999999998865e+03,4.954782056417172606e-03
8.957329200000000128e+03,5.668773889593923913e-03
8.988110399999999572e+03,9.730659284678365092e-03
9.018891599999999016e+03,1.411330040876301352e-02
9.049672800000000279e+03,1.181703626011275203e-02
9.080453999999999724e+03,8.194190739176779315e-03
9.111235199999999168e+03,7.142113837859782703e-03
9.142016399999998612e+03,4.830238232529718290e-03
9.172797599999999875e+03,4.364669599963520545e-03
9.203578799999999319e+03,2.267121593268929189e-03
9.234359999999998763e+03,3.940693751381271759e-03
9.265141200000000026e+03,4.838098975061145418e-03
9.295922399999999470e+03,4.639183998657401414e-03
9.326703599999998914e+03,6.168638187732237467e-03
9.357484800000000178e+03,4.430938364768307290e-03
9.388265999999999622e+03,4.491440847669879791e-03
9.419047199999999066e+03,4.515747653426108003e-03
9.449828400000000329e+03,3.949142580704034441e-03
9.480609599999999773e+03,4.365067564328209415e-03
9.511390799999999217e+03,3.243487692031121403e-03
9.542171999999998661e+03,4.218960385834234252e-03
9.572953199999999924e+03,6.935063695233171371e-03
9.603734399999999368e+03,1.019110371699835128e-02
9.634515599999998813e+03,1.865521763157022839e-02
9.665296800000000076e+03,1.041821494207834445e-02
9.696077999999999520e+03,5.599344071691403704e-03
9.726859199999998964e+03,6.419911312494024948e-03
9.757640400000000227e+03,5.125320709599503338e-03
9.788421599999999671e+03,5.539878280501286077e-03
9.819202799999999115e+03,4.933565431237738226e-03
9.849984000000000378e+03,3.254004484132706591e-03
9.880765199999999822e+03,3.283943261280546783e-03
9.911546399999999267e+03,6.564183908029166091e-03
9.942327599999998711e+03,1.594891467946436131e-02
9.973108799999999974e+03,1.335638858107548836e-02
1.000388999999999942e+04,6.723417725543663973e-03
1.003467119999999886e+04,8.111958151241811452e-03
1.006545240000000013e+04,4.761009687438677238e-03
1.009623359999999957e+04,5.543699047112284582e-03
1.012701479999999901e+04,5.787397482948285210e-03
1.015779600000000028e+04,5.852865997373620822e-03
1.018857719999999972e+04,1.074250428141360764e-02
1.021935839999999916e+04,1.044046913585088866e-02
1.025013959999999861e+04,1.535248145618879449e-02
1.028092079999999987e+04,1.070958027336072968e-02
1.031170199999999932e+04,7.348207324458785189e-03
1.034248319999999876e+04,7.408875961620350718e-03
1.037326440000000002e+04,6.692990141120414190e-03
1.040404559999999947e+04,7.854102497397633456e-03
1.043482679999999891e+04,8.798313508219456416e-03
1.046560800000000017e+04,4.725138796448464726e-03
1.049638919999999962e+04,3.703207749958355426e-03
1.052717039999999906e+04,4.594754995185364177e-03
1.055795160000000033e+04,5.206799572493355475e-03
1.058873279999999977e+04,3.943980152817743411e-03
1.061951399999999921e+04,2.907661456809829299e-03
1.065029519999999866e+04,3.665893379125855639e-03
1.068107639999999992e+04,3.470922782265305900e-03
1.071185759999999937e+04,3.994902962228401820e-03
1.074263879999999881e+04,3.193086362168002981e-03
1.077342000000000007e+04,3.022190839175020825e-03
1.080420119999999952e+04,2.719529891755780807e-03
1.083498239999999896e+04,2.170249462450303708e-03
1.086576360000000022e+04,2.754169701491781218e-03
1.089654479999999967e+04,5.256228684920215104e-03
1.092732599999999911e+04,5.370329500703484825e-03
1.095810719999999856e+04,3.152291629416030787e-03
1.098888839999999982e+04,1.521542850409095650e-03
1.101966959999999926e+04,2.967081753232194384e-03
1.105045079999999871e+04,3.746953884532895195e-03
1.108123199999999997e+04,2.995870854927414756e-03
1.111201319999999942e+04,3.090768267635491708e-03
1.114279439999999886e+04,3.451053719791111196e-03
1.117357560000000012e+04,6.109245004960940639e-03
1.120435679999999957e+04,6.105747516735082585e-03
1.123513799999999901e+04,4.438366293710602727e-03
1.126591920000000027e+04,3.453094345958274483e-03
1.129670039999999972e+04,2.237906704709557645e-03
1.132748159999999916e+04,2.640291298646029253e-03
1.135826279999999861e+04,4.375227727148833963e-03
1.138904399999999987e+04,3.147655425286510940e-03
1.141982519999999931e+04,3.764477267185939620e-03
1.145060639999999876e+04,1.616506636387113989e-03
1.148138760000000002e+04,1.530814517101700785e-03
1.151216879999999946e+04,2.056121146897440122e-03
1.154294999999999891e+04,1.543322053708247885e-03
1.157373120000000017e+04,6.551704278708247661e-04
1.160451239999999962e+04,1.105776578492878972e-03
1.163529359999999906e+04,1.717307256098874694e-03
1.166607479999999850e+04,2.200405733616808690e-03
1.169685599999999977e+04,2.081078003889621358e-03
1.172763719999999921e+04,1.797341076437950630e-03
1.175841839999999866e+04,2.294723103274221888e-03
1.178919959999999992e+04,1.193343686518601220e-03
1.181998079999999936e+04,2.070446292294002896e-03
1.185076199999999881e+04,2.040719393934797409e-03
1.188154320000000007e+04,1.765961230776956275e-03
1.191232439999999951e+04,1.841975652592195379e-03
1.194310559999999896e+04,1.650227628766742652e-03
1.197388680000000022e+04,2.028728355667307713e-03
1.200466799999999967e+04,2.911910813802424513e-03
1.203544919999999911e+04,2.394819128440458210e-03
1.206623039999999855e+04,2.103949771536052418e-03
1.209701159999999982e+04,3.553654421269065913e-03
1.212779279999999926e+04,4.337563898874336084e-03
1.215857399999999870e+04,5.306051682291652860e-03
1.218935519999999997e+04,3.661174811990458924e-03
1.222013639999999941e+04,3.411011907290439210e-03
1.225091759999999886e+04,5.862756731936731927e-03
1.228169880000000012e+04,3.112773953083796882e-03
1.231247999999999956e+04,3.582656343286918892e-03
1.234326119999999901e+04,2.612387775072401094e-03
1.237404239999999845e+04,3.974079270765791018e-03
1.240482359999999971e+04,3.868954842964594798e-03
1.243560479999999916e+04,4.809014535154891232e-03
1.246638599999999860e+04,6.751202600980888736e-03
1.249716719999999987e+04,7.129060951472812428e-03
1.252794839999999931e+04,1.012785171082464589e-02
1.255872959999999875e+04,1.033106049645786916e-02
1.258951080000000002e+04,1.002303497327840763e-02
1.262029199999999946e+04,1.561399569416849382e-02
1.265107319999999891e+04,1.123501385795070209e-02
1.268185440000000017e+04,8.034368574134300930e-03
1.271263559999999961e+04,5.072414629149449468e-03
1.274341679999999906e+04,5.528668797117673554e-03
1.277419799999999850e+04,6.492577460645855905e-03
1.280497919999999976e+04,1.038750888395006955e-02
1.283576039999999921e+04,1.325873003282871526e-02
1.286654159999999865e+04,1.015550181957937392e-02
1.289732279999999992e+04,6.696876900549784094e-03
1.292810399999999936e+04,6.705371448839472434e-03
1.295888519999999880e+04,4.660117284586139455e-03
1.298966640000000007e+04,7.220354921397349052e-03
1.302044759999999951e+04,3.674957528004865054e-03
1.305122879999999896e+04,3.537527930712696961e-03
1.308200999999999840e+04,4.685559721533938231e-03
1.311279119999999966e+04,3.738033475752411839e-03
1.314357239999999911e+04,6.691097230700988711e-03
1.317435359999999855e+04,4.889971443388233148e-03
1.320513479999999981e+04,4.683960658558568822e-03
1.323591599999999926e+04,6.274220345853521660e-03
1.326669719999999870e+04,1.020718790763999739e-02
1.329747839999999997e+04,1.381767781929134874e-02
1.332825959999999941e+04,1.644342020225210768e-02
1.335904079999999885e+04,2.098221783198711554e-02
1.338982200000000012e+04,2.231845493029403771e-02
1.342060319999999956e+04,1.964240725532470644e-02
1.345138439999999900e+04,2.035196396164960439e-02
1.348216559999999845e+04,1.724205648533963867e-02
1.351294679999999971e+04,2.417890794801354562e-02
1.354372799999999916e+04,2.514113864981550386e-02
1.357450919999999860e+04,3.188887771019489892e-02
1.360529039999999986e+04,3.515911291951295814e-02
1.363607159999999931e+04,3.962626832577233887e-02
1.366685279999999875e+04,2.548909060637695456e-02
1.369763400000000001e+04,2.265556674859578110e-02
1.372841519999999946e+04,2.199535440118970814e-02
1.375919639999999890e+04,2.391569320502605345e-02
1.378997759999999835e+04,2.347232274169906013e-02
1.382075879999999961e+04,2.191679095572477212e-02
1.385153999999999905e+04,1.825113507240564217e-02
1.388232119999999850e+04,1.871644900135367023e-02
1.391310239999999976e+04,1.660012319947413648e-02
1.394388359999999921e+04,1.296592549137138770e-02
1.397466479999999865e+04,1.196723311277507300e-02
1.400544599999999991e+04,9.337355092436763412e-03
1.403622719999999936e+04,8.163953796233349922e-03
1.406700839999999880e+04,4.913440269409188356e-03
1.409778960000000006e+04,3.667145567840979659e-03
1.412857079999999951e+04,3.469829657345048415e-03
1.415935199999999895e+04,2.902639279068212810e-03
1.419013319999999840e+04,5.114377061852044132e-03
1.422091439999999966e+04,3.248247450375484850e-03
1.425169559999999910e+04,3.328047306395875461e-03
1.428247679999999855e+04,2.333797145153580430e-03
1.431325799999999981e+04,2.217086960801580714e-03
1.434403919999999925e+04,3.123221702147255946e-03
1.437482039999999870e+04,3.186779594480891858e-03
1.440560159999999996e+04,4.180525112710976876e-03
1.443638279999999941e+04,2.542377266615195811e-03
1.446716399999999885e+04,3.054399271773250782e-03
1.449794520000000011e+04,3.409551722788013717e-03
1.452872639999999956e+04,4.914748665516881221e-03
1.455950759999999900e+04,5.344264086823312040e-03
1.459028879999999845e+04,5.145430237254100363e-03
1.462106999999999971e+04,5.496619462712434671e-03
1.465185119999999915e+04,6.518890762318276487e-03
1.468263239999999860e+04,4.694743281424689461e-03
1.471341359999999986e+04,2.785263328431133480e-03
1.474419479999999930e+04,3.968279135966893897e-03
1.477497599999999875e+04,3.183914064114139273e-03
1.480575720000000001e+04,3.621470005051147332e-03
1.483653839999999946e+04,3.043788884929655991e-03
1.486731959999999890e+04,2.960906889578604484e-03
1.489810079999999834e+04,2.927552590086523847e-03
1.492888199999999961e+04,6.294542086041250706e-03
1.495966319999999905e+04,4.781617469048946543e-03
1.499044439999999850e+04,3.290495834762788892e-03
1.502122559999999976e+04,2.337500815954414012e-03
1.505200679999999920e+04,3.004294452305700507e-03
1.508278799999999865e+04,2.714468113867040192e-03
1.511356919999999991e+04,2.928880161820293735e-03
1.514435039999999935e+04,1.656004039793940045e-03
1.517513159999999880e+04,2.180542884298372099e-03
1.520591280000000006e+04,2.217131867678049859e-03
1.523669399999999951e+04,2.252650775687199507e-03
1.526747519999999895e+04,2.507290230060593098e-03
1.529825639999999839e+04,2.297456548303385138e-03
1.532903759999999966e+04,1.520411121850533728e-03
1.535981879999999910e+04,1.950237910790555019e-03
1.539059999999999854e+04,2.837212668862836192e-03
1.542138119999999981e+04,3.375073147938487551e-03
1.545216239999999925e+04,3.293357349177908171e-03
1.548294359999999870e+04,2.841795852784357278e-03
1.551372479999999996e+04,3.064591857195212137e-03
1.554450599999999940e+04,4.884516162528580209e-03
1.557528719999999885e+04,5.738099785106950783e-03
1.560606839999999829e+04,5.759531327861749928e-03
1.563684959999999955e+04,6.736741875036715045e-03
1.566763079999999900e+04,6.069388002012170158e-03
1.569841199999999844e+04,2.799148466735356527e-03
1.572919319999999971e+04,4.055105627637177294e-03
1.575997439999999915e+04,2.940842724048450037e-03
1.579075559999999859e+04,2.691217437400827018e-03
1.582153679999999986e+04,4.027607385274909087e-03
1.585231799999999930e+04,5.228187911552127642e-03
1.588309919999999875e+04,4.371857750424778567e-03
1.591388040000000001e+04,5.115554907701412753e-03
1.594466159999999945e+04,3.332254007216001006e-03
1.597544279999999890e+04,2.508406014541745763e-03
1.600622399999999834e+04,2.288804233501104055e-03
1.603700519999999960e+04,2.641263180350973336e-03
1.606778639999999905e+04,2.356638056601113428e-03
1.609856759999999849e+04,3.622351824152252302e-03
1.612934879999999976e+04,3.932646099752768257e-03
1.616012999999999920e+04,5.925961280625011499e-03
1.619091119999999864e+04,6.370524020109433021e-03
1.622169239999999991e+04,7.956348459712679622e-03
1.625247359999999935e+04,5.418627136247710675e-03
1.628325479999999880e+04,1.736036270656999463e-03
1.631403599999999824e+04,1.939583422587623247e-03
1.634481719999999950e+04,1.859379132898504247e-03
1.637559839999999895e+04,1.378431211216007415e-03
1.640637960000000021e+04,1.667788818694551731e-03
1.643716079999999783e+04,2.247800947474170186e-03
1.646794199999999910e+04,3.622653752284728853e-03
1.649872320000000036e+04,6.924409903271539456e-03
1.652950439999999799e+04,4.073955445771390051e-03
1.656028559999999925e+04,2.616046771600140028e-03
1.659106680000000051e+04,2.158362804421074498e-03
1.662184799999999814e+04,1.971295233989114187e-03
1.665262919999999940e+04,1.503292600662580912e-03
1.668341040000000066e+04,1.556359724934153503e-03
1.671419159999999829e+04,2.155866604074293397e-03
1.674497279999999955e+04,2.260221371940611314e-03
1.677575400000000081e+04,3.295512677784610128e-03
1.680653519999999844e+04,6.389101631390503577e-03
1.683731639999999970e+04,1.815978704838183688e-02
1.686809759999999733e+04,6.031661385328376639e-03
1.689887879999999859e+04,2.423121266114376497e-03
1.692965999999999985e+04,3.564073145889068688e-03
1.696044119999999748e+04,1.627594491284682209e-03
1.699122239999999874e+04,3.518891315030693925e-03
1.702200360000000001e+04,2.351417733258161398e-03
1.705278479999999763e+04,3.476070786909185324e-03
1.708356599999999889e+04,3.269816033244660105e-03
1.711434720000000016e+04,3.160795584109200775e-03
1.714512839999999778e+04,1.444802315720536108e-03
1.717590959999999905e+04,8.667757905052865227e-04
1.720669080000000031e+04,7.154672135792890329e-04
1.723747199999999793e+04,1.274999305477958001e-03
1.726825319999999920e+04,1.765135936042399765e-03
1.729903440000000046e+04,1.672348978991835449e-03
1.732981559999999808e+04,1.789536926271298586e-03
1.736059679999999935e+04,1.822891053463540330e-03
1.739137800000000061e+04,2.182803420790512764e-03
1.742215919999999824e+04,1.632630382224808377e-03
1.745294039999999950e+04,2.707420936881145459e-03
1.748372160000000076e+04,2.544575736672379657e-03
1.751450279999999839e+04,2.811267290408622603e-03
1.754528399999999965e+04,2.344153695381664005e-03
1.757606519999999728e+04,1.983024128271167891e-03
1.760684639999999854e+04,2.402539055239747215e-03
1.763762759999999980e+04,2.471934127339722384e-03
1.766840879999999743e+04,2.155284673134636071e-03
1.769918999999999869e+04,2.221068439695179225e-03
1.772997119999999995e+04,2.070013198260299558e-03
1.776075239999999758e+04,1.991061542247299712e-03
1.779153359999999884e+04,1.481216519260907102e-03
1.782231480000000010e+04,1.507333377630522145e-03
1.785309599999999773e+04,2.773225383719410235e-03
1.788387719999999899e+04,3.341432601308662233e-03
1.791465840000000026e+04,4.668233401805321585e-03
1.794543959999999788e+04,4.438359077307649225e-03
1.797622079999999914e+04,2.571886849163510999e-03
1.800700200000000041e+04,1.363339902494645726e-03
1.803778319999999803e+04,1.822230783369479081e-03
1.806856439999999930e+04,1.151015986439951665e-03
1.809934560000000056e+04,1.865228628400035157e-03
1.813012679999999818e+04,1.991560700095258100e-03
1.816090799999999945e+04,3.642662701869090261e-03
1.819168920000000071e+04,6.752073001090450576e-03
1.822247039999999834e+04,5.530113388100435165e-03
1.825325159999999960e+04,3.425446489965949717e-03
1.828403279999999722e+04,4.006012103554838083e-03
1.831481399999999849e+04,6.760592480040938587e-03
1.834559519999999975e+04,1.060929752771467768e-02
1.837637639999999737e+04,7.189066548739323978e-03
1.840715759999999864e+04,8.342696259294686556e-03
1.843793879999999990e+04,8.168801219005492401e-03
1.846871999999999753e+04,8.500635013234541376e-03
1.849950119999999879e+04,7.382409711662333597e-03
1.853028240000000005e+04,9.401278937366905342e-03
1.856106359999999768e+04,1.272731074735667170e-02
1.859184479999999894e+04,5.557455665895646990e-03
1.862262600000000020e+04,3.794423636083782327e-03
1.865340719999999783e+04,3.724568212773801332e-03
1.868418839999999909e+04,4.154063735810522261e-03
1.871496960000000036e+04,2.585260403985157208e-03
1.874575079999999798e+04,2.637178925915002227e-03
1.877653199999999924e+04,3.113609618671837106e-03
1.880731320000000051e+04,6.726937544216072054e-03
1.883809439999999813e+04,6.090581815677391375e-03
1.886887559999999939e+04,3.243391681743667144e-03
1.889965680000000066e+04,2.120861975581812744e-03
1.893043799999999828e+04,2.992086816737187134e-03
1.896121919999999955e+04,2.202604904603491006e-03
1.899200039999999717e+04,1.994485868476353601e-03
1.902278159999999843e+04,1.702116831569974601e-03
1.905356279999999970e+04,1.516282383416528001e-03
1.908434399999999732e+04,2.263832561135662585e-03
1.911512519999999859e+04,1.950528917727609168e-03
1.914590639999999985e+04,2.123907035190485473e-03
1.917668759999999747e+04,3.198674712058082077e-03
1.920746879999999874e+04,1.769152487677337930e-03
1.923825000000000000e+04,2.174487164289749894e-03
1.926903119999999763e+04,3.016934429405068556e-03
1.929981239999999889e+04,5.296701360159750127e-03
1.933059360000000015e+04,2.941253325726457101e-03
1.936137479999999778e+04,3.634166535924208095e-03
1.939215599999999904e+04,2.156044098314893742e-03
1.942293720000000030e+04,1.660841277299376310e-03
1.945371839999999793e+04,3.536414552792029476e-03
1.948449959999999919e+04,1.831657682633639058e-03
1.951528080000000045e+04,1.366807026338701016e-03
1.954606199999999808e+04,1.107544036849199059e-03
1.957684319999999934e+04,8.920372914143677185e-04
1.960762440000000061e+04,4.604108384631044664e-04
1.963840559999999823e+04,1.032028421808010334e-03
1.966918679999999949e+04,1.659808303256290769e-03
1.969996800000000076e+04,1.314349301355065497e-03
1.973074919999999838e+04,1.043599495310182064e-03
1.976153039999999964e+04,1.041802789557575446e-03
1.979231159999999727e+04,1.642738712539440786e-03
1.982309279999999853e+04,1.409607063756126034e-03
1.985387399999999980e+04,1.393791508629930618e-03
1.988465519999999742e+04,1.847653043872458500e-03
1.991543639999999868e+04,2.218943649705313118e-03
1.994621759999999995e+04,1.620357939652199370e-03
1.997699879999999757e+04,2.029641957071711810e-03
2.000777999999999884e+04,2.064948824160311221e-03
2.003856120000000010e+04,2.344784222829283168e-03
2.006934239999999772e+04,2.648929639354515898e-03
2.010012359999999899e+04,2.004596456444688018e-03
2.013090480000000025e+04,2.411375127274043625e-03
2.016168599999999788e+04,4.125319993638081224e-03
2.019246719999999914e+04,3.149428868278638782e-03
2.022324840000000040e+04,4.265795359060810775e-03
2.025402959999999803e+04,3.295714711177000038e-03
2.028481079999999929e+04,3.752660199909856140e-03
2.031559200000000055e+04,4.122073342866973931e-03
2.034637319999999818e+04,4.447867737562207803e-03
2.037715439999999944e+04,4.081604138079108872e-03
2.040793560000000070e+04,2.127592362278118293e-03
2.043871679999999833e+04,2.599701027686657489e-03
2.046949799999999959e+04,2.610424983956988881e-03
2.050027919999999722e+04,2.465484008180121936e-03
2.053106039999999848e+04,4.583372687933984571e-03
2.056184159999999974e+04,2.665772949575302350e-03
2.059262279999999737e+04,2.429091977684065626e-03
2.062340399999999863e+04,4.404139671603641247e-03
2.065418519999999990e+04,5.366583086553150354e-03
2.068496639999999752e+04,9.705248982204508351e-03
2.071574759999999878e+04,2.010264941785848067e-02
2.074652880000000005e+04,3.922594713501077399e-03
2.077730999999999767e+04,2.770606763815621539e-03
2.080809119999999893e+04,2.784811323492973178e-03
2.083887240000000020e+04,2.151874516700385404e-03
2.086965359999999782e+04,2.415221378647066774e-03
2.090043479999999909e+04,2.493010855914025350e-03
2.093121600000000035e+04,2.961560430216423050e-03
2.096199719999999797e+04,3.728830447258759360e-03
2.099277839999999924e+04,5.443348991484744763e-03
2.102355960000000050e+04,4.879361807219699532e-03
2.105434079999999813e+04,8.400727516055375710e-03
2.108512199999999939e+04,1.351570359890888820e-02
2.111590320000000065e+04,1.233627044576214062e-02
2.114668439999999828e+04,8.223906235958805891e-03
2.117746559999999954e+04,7.105888690466607809e-03
2.120824679999999717e+04,8.932424606360378147e-03
2.123902799999999843e+04,1.647577191872560270e-02
2.126980919999999969e+04,1.464047792540424352e-02
2.130059039999999732e+04,9.371617765839572803e-03
2.133137159999999858e+04,1.319397655661209458e-02
2.136215279999999984e+04,8.533335555528438754e-03
2.139293399999999747e+04,7.170442180511626441e-03
2.142371519999999873e+04,4.001493132020270647e-03
2.145449639999999999e+04,1.690599733536404456e-03
2.148527759999999762e+04,1.680710339093453376e-03
2.151605879999999888e+04,1.444607115733596197e-03
2.154684000000000015e+04,1.039837065848188934e-03
2.157762119999999777e+04,9.499382533236198911e-04
2.160840239999999903e+04,1.299238031329340683e-03
2.163918360000000030e+04,1.993089688466826489e-03
2.166996479999999792e+04,1.969294609229265899e-03
2.170074599999999919e+04,2.073465458627907383e-03
2.173152720000000045e+04,2.110779866792935298e-03
2.176230839999999807e+04,1.423634392380726229e-03
2.179308959999999934e+04,1.107737276475541811e-03
2.182387080000000060e+04,9.072011922891581783e-04
2.185465199999999822e+04,7.432689194573918962e-04
2.188543319999999949e+04,1.250245325965614615e-03
2.191621439999999711e+04,1.218339115090132877e-03
2.194699559999999838e+04,2.128875931935877552e-03
2.197777679999999964e+04,1.875202133573526230e-03
2.200855799999999726e+04,1.561171615544315475e-03
2.203933919999999853e+04,1.576460751534007566e-03
2.207012039999999979e+04,9.170723744654231922e-04
2.210090159999999742e+04,7.544894128207712799e-04
2.213168279999999868e+04,6.613904184456821655e-04
2.216246399999999994e+04,6.587083941712757341e-04
2.219324519999999757e+04,1.207956790562327238e-03
2.222402639999999883e+04,1.267647743894910516e-03
2.225480760000000009e+04,1.320699522969692339e-03
2.228558879999999772e+04,2.861004391189231506e-03
2.231636999999999898e+04,2.286398061064123625e-03
2.234715120000000024e+04,3.752470940689492385e-03
2.237793239999999787e+04,3.277848382012468406e-03
2.240871359999999913e+04,2.212610599780028865e-03
2.243949480000000040e+04,1.772702161754436149e-03
2.247027599999999802e+04,2.924745654954081717e-03
2.250105719999999928e+04,3.640973748894755276e-03
2.253183840000000055e+04,1.292956221734909133e-03
2.256261959999999817e+04,9.822490528001649908e-04
2.259340079999999944e+04,1.154303293061062583e-03
2.262418199999999706e+04,1.608083040373400321e-03
2.265496319999999832e+04,1.216910134730544730e-03
2.268574439999999959e+04,1.954935665318566825e-03
2.271652559999999721e+04,3.261324221146077052e-03
2.274730679999999847e+04,1.833200098474755367e-03
2.277808799999999974e+04,9.530740321459100009e-04
2.280886919999999736e+04,8.727204942795544667e-04
2.283965039999999863e+04,5.462792025552710507e-04
2.287043159999999989e+04,8.447861054619788162e-04
2.290121279999999751e+04,9.498628768786240677e-04
2.293199399999999878e+04,8.012014727134820482e-04
2.296277520000000004e+04,1.062246375012744146e-03
2.299355639999999767e+04,1.266071823376954631e-03
2.302433759999999893e+04,1.860570032824669174e-03
2.305511880000000019e+04,1.952343335905534338e-03
2.308589999999999782e+04,1.565368325673845455e-03
2.311668119999999908e+04,6.928612942849279345e-04
2.314746240000000034e+04,1.004249893684509235e-03
2.317824359999999797e+04,1.499147702408128993e-03
2.320902479999999923e+04,1.749464678714494166e-03
2.323980600000000049e+04,2.778428173357817572e-03
2.327058719999999812e+04,1.779318984455814396e-03
2.330136839999999938e+04,1.555269030893388941e-03
2.333214959999999701e+04,1.593341269276929602e-03
2.336293079999999827e+04,1.659531569729929797e-03
2.339371199999999953e+04,2.223803801972002586e-03
2.342449319999999716e+04,1.725992918664664500e-03
2.345527439999999842e+04,1.935076553650721823e-03
2.348605559999999969e+04,3.565963779615145563e-03
2.351683679999999731e+04,3.145248842954455164e-03
2.354761799999999857e+04,2.237727358755997251e-03
2.357839919999999984e+04,2.742531957911663928e-03
2.360918039999999746e+04,2.690253152757904938e-03
2.363996159999999873e+04,1.982055343454805323e-03
2.367074279999999999e+04,1.018560270920433174e-03
2.370152399999999761e+04,1.915417488734831239e-03
2.373230519999999888e+04,2.164334808108013194e-03
2.376308640000000014e+04,3.270167905067742145e-03
2.379386759999999776e+04,4.502037475537554179e-03
2.382464879999999903e+04,5.743915732192857171e-03
2.385543000000000029e+04,2.974103327649443677e-03
2.388621119999999792e+04,3.978781694859338282e-03
2.391699239999999918e+04,4.310406315931651633e-03
2.394777360000000044e+04,4.554382798594170008e-03
2.397855479999999807e+04,7.778721501242273975e-03
2.400933599999999933e+04,4.035118820283569233e-03
2.404011719999999696e+04,8.340961746976321978e-03
2.407089839999999822e+04,8.566925863756414891e-03
2.410167959999999948e+04,1.220959020240281953e-02
2.413246079999999711e+04,1.421555216922254679e-02
2.416324199999999837e+04,6.815314028119063769e-03
2.419402319999999963e+04,7.932954029781299696e-03
2.422480439999999726e+04,5.784531545410238548e-03
2.425558559999999852e+04,3.980786198023232407e-03
2.428636679999999978e+04,4.617650812979002747e-03
2.431714799999999741e+04,6.689264794488272367e-03
2.434792919999999867e+04,5.369782391936589114e-03
2.437871039999999994e+04,2.836579233831576161e-03
2.440949159999999756e+04,8.287952041362440722e-03
2.444027279999999882e+04,7.385937532237504474e-03
2.447105400000000009e+04,2.237341146751172308e-03
2.450183519999999771e+04,1.462681907352888968e-03
2.453261639999999898e+04,1.213970193821789110e-03
2.456339760000000024e+04,1.449648591608523234e-03
2.459417879999999786e+04,1.879097252459036027e-03
2.462495999999999913e+04,1.897640895076540581e-03
2.465574120000000039e+04,1.562755936159178913e-03
2.468652239999999802e+04,1.951738448931289232e-03
2.471730359999999928e+04,2.448820869166196471e-03
2.474808479999999690e+04,2.087174193985761282e-03
2.477886599999999817e+04,2.182833061608123459e-03
2.480964719999999943e+04,2.467236769943520220e-03
2.484042839999999705e+04,2.763322161250482065e-03
2.487120959999999832e+04,2.677785927156696704e-03
2.490199079999999958e+04,2.048062116535774753e-03
2.493277199999999721e+04,1.194585193066992693e-03
2.496355319999999847e+04,1.104671939742652180e-03
2.499433439999999973e+04,1.382840517008680640e-03
2.502511559999999736e+04,1.286036339345651355e-03
2.505589679999999862e+04,9.380075566661406255e-04
2.508667799999999988e+04,1.229959301372112249e-03
2.511745919999999751e+04,1.266957618456367694e-03
2.514824039999999877e+04,1.475580737139220748e-03
2.517902160000000003e+04,1.828716315628833161e-03
2.520980279999999766e+04,2.860237651099215191e-03
2.524058399999999892e+04,3.439739434716559876e-03
2.527136520000000019e+04,2.430775605516333291e-03
2.530214639999999781e+04,1.437470882956980904e-03
2.533292759999999907e+04,1.499092940119220582e-03
2.536370880000000034e+04,1.861301703646943331e-03
2.539448999999999796e+04,2.073804334981312492e-03
2.542527119999999923e+04,1.824967495311174059e-03
2.545605239999999685e+04,1.393397059221622176e-03
2.548683359999999811e+04,1.740523573618151356e-03
2.551761479999999938e+04,2.222417305845921041e-03
2.554839599999999700e+04,1.705660481820482936e-03
2.557917719999999827e+04,1.321111754285086027e-03
2.560995839999999953e+04,1.429037434551479625e-03
2.564073959999999715e+04,1.504170001790076970e-03
2.567152079999999842e+04,2.322961873012535650e-03
2.570230199999999968e+04,2.459493506138510539e-03
2.573308319999999730e+04,1.759222785580457846e-03
2.576386439999999857e+04,2.036818300495291979e-03
2.579464559999999983e+04,2.554143896594678748e-03
2.582542679999999746e+04,3.123204046151223986e-03
2.585620799999999872e+04,5.555235126191024157e-03
2.588698919999999998e+04,6.046688186853509811e-03
2.591777039999999761e+04,4.865781215121171323e-03
2.594855159999999887e+04,4.508583244596122905e-03
2.597933280000000013e+04,5.016274575916399026e-03
2.601011399999999776e+04,7.349104757268225957e-03
2.604089519999999902e+04,5.037474710957741582e-03
2.607167640000000029e+04,4.677862012458506961e-03
2.610245759999999791e+04,6.257762789793407804e-03
2.613323879999999917e+04,4.443423739666320545e-03
2.616401999999999680e+04,5.864595637754196900e-03
2.619480119999999806e+04,3.036246870707906640e-03
2.622558239999999932e+04,3.757328269279164388e-03
2.625636359999999695e+04,3.249291099639983402e-03
2.628714479999999821e+04,6.075095777346830976e-03
2.631792599999999948e+04,4.372120575064639310e-03
2.634870719999999710e+04,2.896584237877089345e-03
2.637948839999999836e+04,1.516475622189757599e-03
2.641026959999999963e+04,1.001051745894741569e-03
2.644105079999999725e+04,1.217040942763132063e-03
2.647183199999999852e+04,1.265370891710082112e-03
2.650261319999999978e+04,1.176539389230142358e-03
2.653339439999999740e+04,1.551575614471712578e-03
2.656417559999999867e+04,2.408540179624205513e-03
2.659495679999999993e+04,1.940501815320128760e-03
2.662573799999999756e+04,3.048422232711394710e-03
2.665651919999999882e+04,2.391176911329814629e-03
2.668730040000000008e+04,2.175671710759105766e-03
2.671808159999999771e+04,3.455925344707669843e-03
2.674886279999999897e+04,4.476215924969385342e-03
2.677964400000000023e+04,4.847796715233530090e-03
2.681042519999999786e+04,3.919334511222934657e-03
2.684120639999999912e+04,4.058975699869948710e-03
2.687198759999999675e+04,4.066799816190300523e-03
2.690276879999999801e+04,3.722449251707752368e-03
2.693354999999999927e+04,4.110998212241788637e-03
2.696433119999999690e+04,2.218012146180056016e-03
2.699511239999999816e+04,1.852432479602564904e-03
2.702589359999999942e+04,2.389721617924947788e-03
2.705667479999999705e+04,2.666696471897109580e-03
2.708745599999999831e+04,3.590573908799128515e-03
2.711823719999999958e+04,6.386649618008473708e-03
2.714901839999999720e+04,1.760435014619742000e-02
2.717979959999999846e+04,1.698683075710091459e-02
2.721058079999999973e+04,8.307388360639569175e-03
2.724136199999999735e+04,1.129566330065354118e-02
2.727214319999999861e+04,1.004123681386989188e-02
2.730292439999999988e+04,4.620900975739967824e-03
2.733370559999999750e+04,3.766362340695013095e-03
2.736448679999999877e+04,3.136255481525118943e-03
2.739526800000000003e+04,3.045690229896398562e-03
2.742604919999999765e+04,2.495988413870459804e-03
2.745683039999999892e+04,2.241720982303961694e-03
2.748761160000000018e+04,2.007312513430729601e-03
2.751839279999999781e+04,1.778225321087232354e-03
2.754917399999999907e+04,1.029412674746153864e-03
2.757995519999999669e+04,1.435876956297690767e-03
2.761073639999999796e+04,1.762990029325645731e-03
2.764151759999999922e+04,1.583830495356178215e-03
2.767229879999999685e+04,1.593995097137269543e-03
2.770307999999999811e+04,1.034458003121412235e-03
2.773386119999999937e+04,1.355788147544118548e-03
2.776464239999999700e+04,1.934912860560354751e-03
2.779542359999999826e+04,1.851254757342168889e-03
2.782620479999999952e+04,1.379811267436755135e-03
2.785698599999999715e+04,1.362985943023433798e-03
2.788776719999999841e+04,2.381832793055465875e-03
2.791854839999999967e+04,2.682216436827041407e-03
2.794932959999999730e+04,2.038034671969463345e-03
2.798011079999999856e+04,1.758832457079605172e-03
2.801089199999999983e+04,2.542896185996778528e-03
2.804167319999999745e+04,2.192463395558944504e-03
2.807245439999999871e+04,1.319121559890813105e-03
2.810323559999999998e+04,2.941285658647927077e-03
2.813401679999999760e+04,3.219848187835352288e-03
2.816479799999999886e+04,7.530321778553330722e-03
2.819557920000000013e+04,7.159321208839481039e-03
2.822636039999999775e+04,3.003360757008082145e-03
2.825714159999999902e+04,3.739328999938665386e-03
2.828792280000000028e+04,3.858249625555826550e-03
2.831870399999999790e+04,8.721340619654289854e-04
2.834948519999999917e+04,4.778068157959367165e-04
2.838026639999999679e+04,6.640235737151324981e-04
2.841104759999999806e+04,7.587970759736995191e-04
2.844182879999999932e+04,4.936198828566332230e-04
2.847260999999999694e+04,8.934616546806022812e-04
2.850339119999999821e+04,1.152124202000354624e-03
2.853417239999999947e+04,5.536937390769111752e-04
2.856495359999999710e+04,7.586179481390431393e-04
2.859573479999999836e+04,1.124178461636971254e-03
2.862651599999999962e+04,1.129709054362049592e-03
2.865729719999999725e+04,1.638521811345187420e-03
2.868807839999999851e+04,1.123207823911782531e-03
2.871885959999999977e+04,1.248587118101210673e-03
2.874964079999999740e+04,9.057231660986844908e-04
2.878042199999999866e+04,9.330857748614133701e-04
2.881120319999999992e+04,7.876363466982535264e-04
2.884198439999999755e+04,1.776259975021466861e-03
2.887276559999999881e+04,2.442223377205547490e-03
2.890354680000000008e+04,2.200902977384233683e-03
2.893432799999999770e+04,3.668547642969577187e-03
2.896510919999999896e+04,2.921031574367250958e-03
2.899589040000000023e+04,2.587299161863185551e-03
2.902667159999999785e+04,4.224356158736692485e-03
2.905745279999999912e+04,2.071786585971774081e-03
2.908823399999999674e+04,1.876414871063415485e-03
2.911901519999999800e+04,8.474554073181702913e-04
2.914979639999999927e+04,6.559213558459481503e-04
2.918057759999999689e+04,8.882479973399620221e-04
2.921135879999999815e+04,1.363461645563784344e-03
2.924213999999999942e+04,1.186261626406682470e-03
2.927292119999999704e+04,2.074620891116759052e-03
2.930370239999999831e+04,3.275450166021437546e-03
2.933448359999999957e+04,5.966054585316024964e-03
2.936526479999999719e+04,6.840351431198584374e-03
2.939604599999999846e+04,1.014445870462755625e-02
2.942682719999999972e+04,5.157654387464828682e-03
2.945760839999999735e+04,2.628236883728202102e-03
2.948838959999999861e+04,1.208192745709521119e-03
2.951917079999999987e+04,1.601586768912350569e-03
2.954995199999999750e+04,1.269424349305092780e-03
2.958073319999999876e+04,1.565504576642529847e-03
2.961151440000000002e+04,3.140299823351474715e-03
2.964229559999999765e+04,2.042287471608633057e-03
2.967307679999999891e+04,1.163419949809000936e-03
2.970385800000000017e+04,5.135410916426563083e-04
2.973463919999999780e+04,3.533777079706365305e-04
2.976542039999999906e+04,1.473838448689525848e-04
2.979620159999999669e+04,2.085965259462339860e-04
2.982698279999999795e+04,2.243731765283097800e-04
2.985776399999999921e+04,2.589550890295605826e-04
2.988854519999999684e+04,2.965010728333909696e-04
2.991932639999999810e+04,2.616616433365044040e-04
2.995010759999999937e+04,2.852971598046671149e-04
2.998088879999999699e+04,3.644398235770396669e-04
3.001166999999999825e+04,5.097539057289278896e-04
3.004245119999999952e+04,4.970227902095783945e-04
3.007323239999999714e+04,7.433590925065056794e-04
3.010401359999999841e+04,3.448687995973524875e-04
3.013479479999999967e+04,2.882865972103684630e-04
3.016557599999999729e+04,3.756317113685821727e-04
3.019635719999999856e+04,3.718225337514505951e-04
3.022713839999999982e+04,3.860792891141538426e-04
3.025791959999999744e+04,3.333205160085414109e-04
3.028870079999999871e+04,3.433834053227663463e-04
3.031948199999999997e+04,4.367436840571534942e-04
3.035026319999999760e+04,6.011994389111851352e-04
3.038104439999999886e+04,2.217567726675185886e-03
3.041182560000000012e+04,2.324550050917195253e-03
3.044260679999999775e+04,9.676070770378776987e-04
3.047338799999999901e+04,1.033073146792670054e-03
3.050416919999999664e+04,1.630443734218513328e-03
3.053495039999999790e+04,1.565856886287426497e-03
3.056573159999999916e+04,1.117835531461281633e-03
3.059651279999999679e+04,1.167284130347272242e-03
3.062729399999999805e+04,1.348237478959853726e-03
3.065807519999999931e+04,2.096679989500813916e-03
3.068885639999999694e+04,5.416270594152039139e-03
3.071963759999999820e+04,3.735549701714791209e-03
3.075041879999999946e+04,2.682970580728946935e-03
3.078119999999999709e+04,3.871709243975523466e-03
3.081198119999999835e+04,4.300930683004769613e-03
3.084276239999999962e+04,3.377988340266615402e-03
3.087354359999999724e+04,1.555987351456605350e-03
3.090432479999999850e+04,1.369832525851877097e-03
3.093510599999999977e+04,1.576347982579608250e-03
3.096588719999999739e+04,2.973346299585721657e-03
3.099666839999999866e+04,4.295127692784533879e-03
3.102744959999999992e+04,2.108777196997350337e-03
3.105823079999999754e+04,2.051860592297611099e-03
3.108901199999999881e+04,2.501980736001140678e-03
3.111979320000000007e+04,2.332075119799584609e-03
3.115057439999999769e+04,1.007718768460223518e-03
3.118135559999999896e+04,4.709153953550091745e-04
3.121213679999999658e+04,5.339038018814356700e-04
3.124291799999999785e+04,6.694282515218892690e-04
3.127369919999999911e+04,1.494660614475209082e-03
3.130448039999999673e+04,5.644008040409918305e-04
3.133526159999999800e+04,4.203923023149821938e-04
3.136604279999999926e+04,7.268143096105349069e-04
3.139682399999999689e+04,1.032326061307054562e-03
3.142760519999999815e+04,1.949677496036980508e-03
3.145838639999999941e+04,1.251009842276806436e-03
3.148916759999999704e+04,1.573205820292774074e-03
