0.000000000000000000e+00,1.795496048980030042e-03
3.078119999999999834e+01,1.584513594199856053e-03
6.156239999999999668e+01,1.277637365495960624e-03
9.234359999999999502e+01,1.562984177773220741e-03
1.231247999999999934e+02,2.045919846105068596e-03
1.539060000000000059e+02,2.246401641474384762e-03
1.846871999999999900e+02,3.260618502534488265e-03
2.154683999999999742e+02,4.413962135596016627e-03
2.462495999999999867e+02,3.155140425432686763e-03
2.770307999999999993e+02,2.590258730081594369e-03
3.078120000000000118e+02,1.972394414775384321e-03
3.385931999999999675e+02,2.567812809315852228e-03
3.693743999999999801e+02,2.379831179050657768e-03
4.001555999999999926e+02,2.310542964267559961e-03
4.309367999999999483e+02,2.610574592226169201e-03
4.617179999999999609e+02,5.471886504130041989e-03
4.924991999999999734e+02,4.357880124217419077e-03
5.232803999999999860e+02,6.840626825747785078e-03
5.540615999999999985e+02,4.289346513322405720e-03
5.848428000000000111e+02,3.412417914068271649e-03
6.156240000000000236e+02,2.681451381944174265e-03
6.464051999999999225e+02,3.388314975623119962e-03
6.771863999999999351e+02,1.979075425995211173e-03
7.079675999999999476e+02,1.685746621900318688e-03
7.387487999999999602e+02,2.127248151867659059e-03
7.695299999999999727e+02,3.469892868079377506e-03
8.003111999999999853e+02,4.514703551461209281e-03
8.310923999999999978e+02,2.993896142600945606e-03
8.618735999999998967e+02,2.857658551413942184e-03
8.926547999999999092e+02,2.934617724746222279e-03
9.234359999999999218e+02,3.136025235511551851e-03
9.542171999999999343e+02,3.417608374574750054e-03
9.849983999999999469e+02,2.641816908191243953e-03
1.015779599999999959e+03,2.495255037688713304e-03
1.046560799999999972e+03,2.745805971815112791e-03
1.077341999999999871e+03,4.657050265558729772e-03
1.108123199999999997e+03,2.903349424803284944e-03
1.138904399999999896e+03,2.665300632997529180e-03
1.169685600000000022e+03,3.216559125142882079e-03
1.200466799999999921e+03,3.293595947609792574e-03
1.231248000000000047e+03,3.016225496697380257e-03
1.262029199999999946e+03,2.790036229705983480e-03
1.292810399999999845e+03,2.765311884555765772e-03
1.323591599999999971e+03,4.388773147370855429e-03
1.354372799999999870e+03,2.950438889250518379e-03
1.385153999999999996e+03,4.272719235112321448e-03
1.415935199999999895e+03,4.554141415017415664e-03
1.446716400000000021e+03,2.888992606061255818e-03
1.477497599999999920e+03,2.209912404228664938e-03
1.508278799999999819e+03,1.434744385394625017e-03
1.539059999999999945e+03,2.605684761044089331e-03
1.569841199999999844e+03,1.485604614318692448e-03
1.600622399999999971e+03,1.567888977133420538e-03
1.631403599999999869e+03,1.379226828991744064e-03
1.662184799999999996e+03,1.325797765129304402e-03
1.692965999999999894e+03,1.459259967798513281e-03
1.723747199999999793e+03,2.787280636871673940e-03
1.754528399999999920e+03,4.201057151081815690e-03
1.785309599999999818e+03,5.281354812118296480e-03
1.816090799999999945e+03,6.238990223931023711e-03
1.846871999999999844e+03,7.516796359969131827e-03
1.877653199999999970e+03,6.181979048051268466e-03
1.908434399999999869e+03,3.784970748103480987e-03
1.939215599999999995e+03,3.866271925862760708e-03
1.969996799999999894e+03,3.610603583430571639e-03
2.000777999999999793e+03,4.033899825515797725e-03
2.031559199999999919e+03,9.364096277686036196e-03
2.062340400000000045e+03,4.746804439754863901e-03
2.093121599999999944e+03,8.247416305509101125e-03
2.123902799999999843e+03,4.418953278684383500e-03
2.154683999999999742e+03,4.934265739099935946e-03
2.185465200000000095e+03,4.998112715803628911e-03
2.216246399999999994e+03,3.056209184326162242e-03
2.247027599999999893e+03,2.288124194484415872e-03
2.277808799999999792e+03,1.528405582694595307e-03
2.308589999999999691e+03,1.860365565599920524e-03
2.339371200000000044e+03,1.981554713310588068e-03
2.370152399999999943e+03,1.567680364984756942e-03
2.400933599999999842e+03,1.307114836541529469e-03
2.431714799999999741e+03,1.752361276296401579e-03
2.462496000000000095e+03,1.118115205150892622e-03
2.493277199999999993e+03,1.564819708813981964e-03
2.524058399999999892e+03,2.677435405426349321e-03
2.554839599999999791e+03,1.718327495988513894e-03
2.585620799999999690e+03,2.226889111462859467e-03
2.616402000000000044e+03,1.197823856408566662e-03
2.647183199999999943e+03,1.046013830337103913e-03
2.677964399999999841e+03,1.149637645240016810e-03
2.708745599999999740e+03,8.289979068365274650e-04
2.739526799999999639e+03,6.775104132802932172e-04
2.770307999999999993e+03,4.981640924514901987e-04
2.801089199999999892e+03,5.769551303748521711e-04
2.831870399999999790e+03,5.685711635767001738e-04
2.862651599999999689e+03,4.858824478709049483e-04
2.893432800000000043e+03,5.791407377843420983e-04
2.924213999999999942e+03,5.760889042790927859e-04
2.954995199999999841e+03,6.507731005449950709e-04
2.985776399999999740e+03,8.017041808731675519e-04
3.016557599999999638e+03,8.160062534273372550e-04
3.047338799999999992e+03,1.591256232163859845e-03
3.078119999999999891e+03,1.670888254670308427e-03
3.108901199999999790e+03,2.049943607549876111e-03
3.139682399999999689e+03,3.104307447886883124e-03
3.170463600000000042e+03,3.490527946838887022e-03
3.201244799999999941e+03,3.169696297625897510e-03
3.232025999999999840e+03,2.368366484212193566e-03
3.262807199999999739e+03,1.796784213273909438e-03
3.293588399999999638e+03,1.200823176919856320e-03
3.324369599999999991e+03,1.454787176505027094e-03
3.355150799999999890e+03,1.264292994788825510e-03
3.385931999999999789e+03,1.324733533003945481e-03
3.416713199999999688e+03,1.410388882838479454e-03
3.447494399999999587e+03,2.279550930674081616e-03
3.478275599999999940e+03,7.420674295919415641e-04
3.509056799999999839e+03,7.445832634788115186e-04
3.539837999999999738e+03,7.775186185827893124e-04
3.570619199999999637e+03,7.002511605163058012e-04
3.601400399999999991e+03,5.507254573131449907e-04
3.632181599999999889e+03,6.415597652982004502e-04
3.662962799999999788e+03,1.093052500122925234e-03
3.693743999999999687e+03,1.002349467688262285e-03
3.724525199999999586e+03,9.617243185357781136e-04
3.755306399999999940e+03,1.134061359743986346e-03
3.786087599999999838e+03,1.291179377732372879e-03
3.816868799999999737e+03,1.113243173390184243e-03
3.847649999999999636e+03,1.041933885632569763e-03
3.878431199999999990e+03,1.578159317691434343e-03
3.909212399999999889e+03,1.559005410942290422e-03
3.939993599999999788e+03,3.413283224432983511e-03
3.970774799999999686e+03,3.309673531663384714e-03
4.001555999999999585e+03,3.064615313387415545e-03
4.032337199999999939e+03,3.079281868081863455e-03
4.063118399999999838e+03,3.452333506667694049e-03
4.093899599999999737e+03,3.310246560278260180e-03
4.124680800000000090e+03,8.374832359030869727e-03
4.155461999999999534e+03,1.051757510967436283e-02
4.186243199999999888e+03,6.737462741517996796e-03
4.217024399999999332e+03,6.208685260168531929e-03
4.247805599999999686e+03,4.777125378083979176e-03
4.278586800000000039e+03,7.669704231559782044e-03
4.309367999999999483e+03,1.494723994928653758e-02
4.340149199999999837e+03,3.416163904117425296e-03
4.370930400000000191e+03,1.751565879682527192e-03
4.401711599999999635e+03,2.576652862884780144e-03
4.432492799999999988e+03,4.255570095137368655e-03
4.463273999999999432e+03,1.945449974113352834e-03
4.494055199999999786e+03,5.390370747961421329e-03
4.524836400000000140e+03,2.722219968378657325e-03
4.555617599999999584e+03,2.340041410370452633e-03
4.586398799999999937e+03,4.084417500404966504e-03
4.617179999999999382e+03,5.530459267227153322e-03
4.647961199999999735e+03,6.172769098759357288e-03
4.678742400000000089e+03,6.842539398501075801e-03
4.709523599999999533e+03,6.267575534923869145e-03
4.740304799999999886e+03,2.629165036699048896e-03
4.771085999999999331e+03,1.525818197867244907e-03
4.801867199999999684e+03,2.384496820120314813e-03
4.832648400000000038e+03,4.321768629260237804e-03
4.863429599999999482e+03,2.847883737942129984e-03
4.894210799999999836e+03,3.520207426563713628e-03
4.924992000000000189e+03,4.492450711043245379e-03
4.955773199999999633e+03,2.866483653350311318e-03
4.986554399999999987e+03,1.208932687627683545e-03
5.017335599999999431e+03,5.431634478772105149e-04
5.048116799999999785e+03,5.938229848143655081e-04
5.078898000000000138e+03,3.963866775591838175e-04
5.109679199999999582e+03,3.122030827099725437e-04
5.140460399999999936e+03,3.819955621914868766e-04
5.171241599999999380e+03,1.032664660627548303e-03
5.202022799999999734e+03,1.321123684712049214e-03
5.232804000000000087e+03,2.424031481564288115e-03
5.263585199999999531e+03,2.006163772748704912e-03
5.294366399999999885e+03,4.813858734705491610e-03
5.325147599999999329e+03,2.093087893160169941e-03
5.355928799999999683e+03,2.077521180642930444e-03
5.386710000000000036e+03,7.865430477344006414e-04
5.417491199999999480e+03,5.204542619990776536e-04
5.448272399999999834e+03,6.455064429436294842e-04
5.479053599999999278e+03,6.200099377851845013e-04
5.509834799999999632e+03,4.522798641977122361e-04
5.540615999999999985e+03,7.094961406773627691e-04
5.571397199999999430e+03,1.191235444445305118e-03
5.602178399999999783e+03,8.172859392441785865e-04
5.632959600000000137e+03,3.328962688433847886e-04
5.663740799999999581e+03,3.739267877937610092e-04
5.694521999999999935e+03,5.006547891637856511e-04
5.725303199999999379e+03,1.431874572080087159e-03
5.756084399999999732e+03,1.363792406930235341e-03
5.786865600000000086e+03,1.672183401270679057e-03
5.817646799999999530e+03,1.580486628262793005e-03
5.848427999999999884e+03,2.576648598129311230e-03
5.879209199999999328e+03,3.122084863364254885e-03
5.909990399999999681e+03,1.872119279394087940e-03
5.940771600000000035e+03,1.873637322345149316e-03
5.971552799999999479e+03,2.089584298737351496e-03
6.002333999999999833e+03,1.304454369427484510e-03
6.033115199999999277e+03,2.664504695380060656e-03
6.063896399999999630e+03,1.508339919866340901e-03
6.094677599999999984e+03,1.446502130453126500e-03
6.125458799999999428e+03,1.143533708784691709e-03
6.156239999999999782e+03,5.655519204259103682e-04
6.187021199999999226e+03,5.903688653655942559e-04
6.217802399999999579e+03,5.340977163483660211e-04
6.248583599999999933e+03,6.551195132056437942e-04
6.279364799999999377e+03,7.519714408433448346e-04
6.310145999999999731e+03,6.523040132529112816e-04
6.340927200000000084e+03,4.729804197932732375e-04
6.371708399999999529e+03,4.170819526486224497e-04
6.402489599999999882e+03,6.641445507875133386e-04
6.433270799999999326e+03,4.521765555941073848e-04
6.464051999999999680e+03,3.634154121486882954e-04
6.494833200000000033e+03,3.391677959217101316e-04
6.525614399999999478e+03,4.057591456348589383e-04
6.556395599999999831e+03,2.759055859825661899e-04
6.587176799999999275e+03,4.185696314982197477e-04
6.617957999999999629e+03,7.317918119588822648e-04
6.648739199999999983e+03,6.953327181729256458e-04
6.679520399999999427e+03,6.488528064918673219e-04
6.710301599999999780e+03,6.760237646591592221e-04
6.741082799999999224e+03,8.209043819410062875e-04
6.771863999999999578e+03,8.634369772049769630e-04
6.802645199999999932e+03,8.864619089444139392e-04
6.833426399999999376e+03,9.267423060695977651e-04
6.864207599999999729e+03,1.021309902633205351e-03
6.894988799999999173e+03,1.526147093695329540e-03
6.925769999999999527e+03,1.235154305549507597e-03
6.956551199999999881e+03,8.913107444514452348e-04
6.987332399999999325e+03,4.344774014570636721e-04
7.018113599999999678e+03,5.342025060554393126e-04
7.048894800000000032e+03,4.066296909268424719e-04
7.079675999999999476e+03,3.781470467543105026e-04
7.110457199999999830e+03,7.449495718618963369e-04
7.141238399999999274e+03,1.004841278986777714e-03
7.172019599999999627e+03,7.489498127226501935e-04
7.202800799999999981e+03,9.833511524209596812e-04
7.233581999999999425e+03,1.632259111154776192e-03
7.264363199999999779e+03,1.004603536703645899e-03
7.295144399999999223e+03,7.933711218217720344e-04
7.325925599999999577e+03,6.074023024343185246e-04
7.356706799999999930e+03,4.335466941487720310e-04
7.387487999999999374e+03,5.239419355513493795e-04
7.418269199999999728e+03,4.168348114915174161e-04
7.449050399999999172e+03,2.445060185664260318e-04
7.479831599999999526e+03,1.990949994687996624e-04
7.510612799999999879e+03,2.884663463894571829e-04
7.541393999999999323e+03,1.991396084986219654e-04
7.572175199999999677e+03,2.497900046369767890e-04
7.602956400000000031e+03,2.433478722987918055e-04
7.633737599999999475e+03,1.572887301960555599e-04
7.664518799999999828e+03,2.458233654337204960e-04
7.695299999999999272e+03,3.317753851399608584e-04
7.726081199999999626e+03,2.995999391424643732e-04
7.756862399999999980e+03,3.514208406270601689e-04
7.787643599999999424e+03,4.467060223764977378e-04
7.818424799999999777e+03,6.299045228565433585e-04
7.849205999999999221e+03,1.563558605892043183e-03
7.879987199999999575e+03,5.577144127711360175e-04
7.910768399999999929e+03,3.796001744544615759e-04
7.941549599999999373e+03,2.613478186694965502e-04
7.972330799999999726e+03,5.525715149313466593e-04
8.003111999999999171e+03,6.262648990741563441e-04
8.033893199999999524e+03,9.152056326267193377e-04
8.064674399999999878e+03,6.111611501427562316e-04
8.095455599999999322e+03,1.099614894902320710e-03
8.126236799999999675e+03,1.509126554636690482e-03
8.157017999999999120e+03,6.756691857779534034e-04
8.187799199999999473e+03,1.111886853596915454e-03
8.218580399999998917e+03,1.442360282111390408e-03
8.249361600000000180e+03,1.468334146671975956e-03
8.280142799999999625e+03,1.360230935440384257e-03
8.310923999999999069e+03,1.709199242614827538e-03
8.341705200000000332e+03,1.778015127561700329e-03
8.372486399999999776e+03,2.400199669066349194e-03
8.403267599999999220e+03,2.138524189331975165e-03
8.434048799999998664e+03,1.196956752163200969e-03
8.464829999999999927e+03,7.143472093613506806e-04
8.495611199999999371e+03,6.040219546052081907e-04
8.526392399999998815e+03,7.204040077234808272e-04
8.557173600000000079e+03,1.346235964395003188e-03
8.587954799999999523e+03,1.565426559191985438e-03
8.618735999999998967e+03,1.606726207412953944e-03
8.649517200000000230e+03,9.654546437814268524e-04
8.680298399999999674e+03,1.903738125562443560e-03
8.711079599999999118e+03,2.969273116351850601e-03
8.741860800000000381e+03,2.509246468976283721e-03
8.772641999999999825e+03,3.478552470576262625e-03
8.803423199999999269e+03,1.711571668244838210e-03
8.834204399999998714e+03,9.100143740230461553e-04
8.864985599999999977e+03,1.386844313719062805e-03
8.895766799999999421e+03,1.250565853037238859e-03
8.926547999999998865e+03,9.360634171922772515e-04
8.957329200000000128e+03,1.108005771604299999e-03
8.988110399999999572e+03,2.072169589617343238e-03
9.018891599999999016e+03,3.272713933799017722e-03
9.049672800000000279e+03,2.668347375500020133e-03
9.080453999999999724e+03,1.745606537003182180e-03
9.111235199999999168e+03,1.488292022057095517e-03
9.142016399999998612e+03,9.210879109551046561e-04
9.172797599999999875e+03,8.054286545487172704e-04
9.203578799999999319e+03,3.731829538675316251e-04
9.234359999999998763e+03,7.415915856911256933e-04
9.265141200000000026e+03,8.967353419010533257e-04
9.295922399999999470e+03,8.400769337350878774e-04
9.326703599999998914e+03,1.212066696353533571e-03
9.357484800000000178e+03,8.314136056378599888e-04
9.388265999999999622e+03,8.339684873763375658e-04
9.419047199999999066e+03,8.712014012573007652e-04
9.449828400000000329e+03,7.442422300184658567e-04
9.480609599999999773e+03,8.779068195036365211e-04
9.511390799999999217e+03,5.851050405994781415e-04
9.542171999999998661e+03,7.985177906677451420e-04
9.572953199999999924e+03,1.503283563321394962e-03
9.603734399999999368e+03,2.293175068275778421e-03
9.634515599999998813e+03,4.567760569508945781e-03
9.665296800000000076e+03,2.380786997048028528e-03
9.696077999999999520e+03,1.204089127390934807e-03
9.726859199999998964e+03,1.481259621999325054e-03
9.757640400000000227e+03,1.064941698573261325e-03
9.788421599999999671e+03,1.150152769705346540e-03
9.819202799999999115e+03,1.042636520389773804e-03
9.849984000000000378e+03,6.001072849040170508e-04
9.880765199999999822e+03,5.673993147210672477e-04
9.911546399999999267e+03,1.297084482502498023e-03
9.942327599999998711e+03,3.786187224199998296e-03
9.973108799999999974e+03,3.123049184423854797e-03
1.000388999999999942e+04,1.350773557710967026e-03
1.003467119999999886e+04,1.672388071446735810e-03
1.006545240000000013e+04,8.726322291812398796e-04
1.009623359999999957e+04,1.096396184401046648e-03
1.012701479999999901e+04,1.145320107704027139e-03
1.015779600000000028e+04,1.102565796617256113e-03
1.018857719999999972e+04,2.337295542265953145e-03
1.021935839999999916e+04,2.291495221836240513e-03
1.025013959999999861e+04,3.684362287115454295e-03
1.028092079999999987e+04,2.525462308551728024e-03
1.031170199999999932e+04,1.424665507764714045e-03
1.034248319999999876e+04,1.467279328780508180e-03
1.037326440000000002e+04,1.316169273052798534e-03
1.040404559999999947e+04,1.557251271066887634e-03
1.043482679999999891e+04,1.894691221319399869e-03
1.046560800000000017e+04,8.695195924001340683e-04
1.049638919999999962e+04,6.555234277991571880e-04
1.052717039999999906e+04,8.513720240203484068e-04
1.055795160000000033e+04,9.381375944373690316e-04
1.058873279999999977e+04,7.028507599887127847e-04
1.061951399999999921e+04,5.043946316604482538e-04
1.065029519999999866e+04,6.612706023611554648e-04
1.068107639999999992e+04,6.264675591853897420e-04
1.071185759999999937e+04,7.312281453013241405e-04
1.074263879999999881e+04,5.488901478150425527e-04
1.077342000000000007e+04,5.233488308262477292e-04
1.080420119999999952e+04,4.651274549449971145e-04
1.083498239999999896e+04,3.542772126984089173e-04
1.086576360000000022e+04,4.793252728544029808e-04
1.089654479999999967e+04,1.084902414556212060e-03
1.092732599999999911e+04,1.064967380896122365e-03
1.095810719999999856e+04,5.785130151855359974e-04
1.098888839999999982e+04,2.318592919516625564e-04
1.101966959999999926e+04,5.344817038478733842e-04
1.105045079999999871e+04,6.973804702108507732e-04
1.108123199999999997e+04,5.136093653133625087e-04
1.111201319999999942e+04,5.640991665467657255e-04
1.114279439999999886e+04,6.322422363897635400e-04
1.117357560000000012e+04,1.256227469731805487e-03
1.120435679999999957e+04,1.342827069084977752e-03
1.123513799999999901e+04,8.878222328239700895e-04
1.126591920000000027e+04,6.702682461726223399e-04
1.129670039999999972e+04,3.988549171247929119e-04
1.132748159999999916e+04,4.791796249539036104e-04
1.135826279999999861e+04,8.777857023161112588e-04
1.138904399999999987e+04,6.027049379785550916e-04
1.141982519999999931e+04,8.006773286644564003e-04
1.145060639999999876e+04,2.673883335998396152e-04
1.148138760000000002e+04,2.533579554509852636e-04
1.151216879999999946e+04,3.697499049696837715e-04
1.154294999999999891e+04,2.830438899458416501e-04
1.157373120000000017e+04,8.987658843473364273e-05
1.160451239999999962e+04,1.694860080794095066e-04
1.163529359999999906e+04,2.919076351967643773e-04
1.166607479999999850e+04,3.982145791772217320e-04
1.169685599999999977e+04,3.783886975477729168e-04
1.172763719999999921e+04,3.200510282357718096e-04
1.175841839999999866e+04,4.375088195050256612e-04
1.178919959999999992e+04,1.875006319335444777e-04
1.181998079999999936e+04,3.727479454446635176e-04
1.185076199999999881e+04,3.646878569290854031e-04
1.188154320000000007e+04,3.011563430789704668e-04
1.191232439999999951e+04,3.165881211894793759e-04
1.194310559999999896e+04,2.735996020933170649e-04
1.197388680000000022e+04,3.474726833862107215e-04
1.200466799999999967e+04,5.257194229187404054e-04
1.203544919999999911e+04,4.113580419461360322e-04
1.206623039999999855e+04,3.287181738786707722e-04
1.209701159999999982e+04,6.437375303844853746e-04
1.212779279999999926e+04,8.030561539662208663e-04
1.215857399999999870e+04,1.008795724918107144e-03
1.218935519999999997e+04,6.574168446895524301e-04
1.222013639999999941e+04,5.991102495120279297e-04
1.225091759999999886e+04,1.191925438605588626e-03
1.228169880000000012e+04,5.497437696646397453e-04
1.231247999999999956e+04,6.518107286903947629e-04
1.234326119999999901e+04,4.269935637762296084e-04
1.237404239999999845e+04,7.132131155657520398e-04
1.240482359999999971e+04,6.793238122494096734e-04
1.243560479999999916e+04,8.552638148391885145e-04
1.246638599999999860e+04,1.309058025970252087e-03
1.249716719999999987e+04,1.371593380043172874e-03
1.252794839999999931e+04,2.082965248836978357e-03
1.255872959999999875e+04,2.221393551300800042e-03
1.258951080000000002e+04,2.217871206695342431e-03
1.262029199999999946e+04,3.779987445370547143e-03
1.265107319999999891e+04,2.477627607357182817e-03
1.268185440000000017e+04,1.665927735714379382e-03
1.271263559999999961e+04,9.638359895128381129e-04
1.274341679999999906e+04,1.048600670979985341e-03
1.277419799999999850e+04,1.233352915083588391e-03
1.280497919999999976e+04,2.164597198775444764e-03
1.283576039999999921e+04,2.861265917148901952e-03
1.286654159999999865e+04,2.185244257825889359e-03
1.289732279999999992e+04,1.320938291868605906e-03
1.292810399999999936e+04,1.330542927361355772e-03
1.295888519999999880e+04,8.563135868426136055e-04
1.298966640000000007e+04,1.527638958090806777e-03
1.302044759999999951e+04,6.605795800737035949e-04
1.305122879999999896e+04,6.267505173461220252e-04
1.308200999999999840e+04,9.169435608007471279e-04
1.311279119999999966e+04,6.658787450984584742e-04
1.314357239999999911e+04,1.360061412480503178e-03
1.317435359999999855e+04,9.051872179272388687e-04
1.320513479999999981e+04,8.373451429505721424e-04
1.323591599999999926e+04,1.187432587625251610e-03
1.326669719999999870e+04,2.081011155319952878e-03
1.329747839999999997e+04,2.975143221185748508e-03
1.332825959999999941e+04,3.686907485735030875e-03
1.335904079999999885e+04,5.132807425086982622e-03
1.338982200000000012e+04,5.651107350251141290e-03
1.342060319999999956e+04,4.788254707233355681e-03
1.345138439999999900e+04,5.187034943611520607e-03
1.348216559999999845e+04,4.107705289084293519e-03
1.351294679999999971e+04,5.912648994952276332e-03
1.354372799999999916e+04,5.999857096638188704e-03
1.357450919999999860e+04,7.915678617646054738e-03
1.360529039999999986e+04,8.966314570236614406e-03
1.363607159999999931e+04,1.086265658195358433e-02
1.366685279999999875e+04,6.568704232328942405e-03
1.369763400000000001e+04,5.451321245815302433e-03
1.372841519999999946e+04,5.354984947773758046e-03
1.375919639999999890e+04,5.884894009690457527e-03
1.378997759999999835e+04,5.986031901901032320e-03
1.382075879999999961e+04,5.395595588833269896e-03
1.385153999999999905e+04,4.333993863950448902e-03
1.388232119999999850e+04,4.492477923273404707e-03
1.391310239999999976e+04,4.044096049245170937e-03
1.394388359999999921e+04,2.941377913215148261e-03
1.397466479999999865e+04,2.665049487202485450e-03
1.400544599999999991e+04,2.022367757455309587e-03
1.403622719999999936e+04,1.667668749994663351e-03
1.406700839999999880e+04,9.421119205052700231e-04
1.409778960000000006e+04,6.760544498395184339e-04
1.412857079999999951e+04,6.555661501091942850e-04
1.415935199999999895e+04,5.292441148224474520e-04
1.419013319999999840e+04,1.121536611468742410e-03
1.422091439999999966e+04,6.150628969435354906e-04
1.425169559999999910e+04,6.287312558669886156e-04
1.428247679999999855e+04,4.118252390788510039e-04
1.431325799999999981e+04,3.723335622316594233e-04
1.434403919999999925e+04,5.886038487144276644e-04
1.437482039999999870e+04,5.561506379704129815e-04
1.440560159999999996e+04,7.797098453559076284e-04
1.443638279999999941e+04,4.235265039368638334e-04
1.446716399999999885e+04,5.354299409609970806e-04
1.449794520000000011e+04,5.876403025934727985e-04
1.452872639999999956e+04,9.489664720099413127e-04
1.455950759999999900e+04,1.053872231741906015e-03
1.459028879999999845e+04,1.008776557217226210e-03
1.462106999999999971e+04,1.124526427347857229e-03
1.465185119999999915e+04,1.449540266714980426e-03
1.468263239999999860e+04,9.448920490911942366e-04
1.471341359999999986e+04,4.922869298700073646e-04
1.474419479999999930e+04,7.893754571747585913e-04
1.477497599999999875e+04,6.199774434988205305e-04
1.480575720000000001e+04,7.434471078698513423e-04
1.483653839999999946e+04,5.691373175225354413e-04
1.486731959999999890e+04,5.664099481879538572e-04
1.489810079999999834e+04,5.387284682517956644e-04
1.492888199999999961e+04,1.365803621673183270e-03
1.495966319999999905e+04,1.042014539535928916e-03
1.499044439999999850e+04,6.233709479843438459e-04
1.502122559999999976e+04,4.151974258369926373e-04
1.505200679999999920e+04,5.374818333670671128e-04
1.508278799999999865e+04,4.798427695718149831e-04
1.511356919999999991e+04,5.465038437862728901e-04
1.514435039999999935e+04,2.587835707887709631e-04
1.517513159999999880e+04,3.644356851060043473e-04
1.520591280000000006e+04,3.672760648996593619e-04
1.523669399999999951e+04,3.615320219623542651e-04
1.526747519999999895e+04,4.225826135765428323e-04
1.529825639999999839e+04,3.964082080538075298e-04
1.532903759999999966e+04,2.311690472845094602e-04
1.535981879999999910e+04,3.197829801992335837e-04
1.539059999999999854e+04,5.070359333683366939e-04
1.542138119999999981e+04,6.239167096320275864e-04
1.545216239999999925e+04,5.895845192511232034e-04
1.548294359999999870e+04,5.033659142460293352e-04
1.551372479999999996e+04,5.493921793137147023e-04
1.554450599999999940e+04,9.758741220902262224e-04
1.557528719999999885e+04,1.226987878083056266e-03
1.560606839999999829e+04,1.145919799567802176e-03
1.563684959999999955e+04,1.408514542418486028e-03
1.566763079999999900e+04,1.261286136750628534e-03
1.569841199999999844e+04,4.973761144617331719e-04
1.572919319999999971e+04,7.457686632416192377e-04
1.575997439999999915e+04,4.961921577143232724e-04
1.579075559999999859e+04,4.315126153267253889e-04
1.582153679999999986e+04,7.468993590190551321e-04
1.585231799999999930e+04,1.028989909691921953e-03
1.588309919999999875e+04,8.482172937409280253e-04
1.591388040000000001e+04,9.831974418329030539e-04
1.594466159999999945e+04,6.187577237920889248e-04
1.597544279999999890e+04,4.284416563792870771e-04
1.600622399999999834e+04,4.127811693341522001e-04
1.603700519999999960e+04,4.571792489498059144e-04
1.606778639999999905e+04,3.993119123050797468e-04
1.609856759999999849e+04,6.763318766623240734e-04
1.612934879999999976e+04,7.149168930260184872e-04
1.616012999999999920e+04,1.220418580509736225e-03
1.619091119999999864e+04,1.320657431495372673e-03
1.622169239999999991e+04,1.715094652833721884e-03
1.625247359999999935e+04,1.094168871270727404e-03
1.628325479999999880e+04,2.880042040959799330e-04
1.631403599999999824e+04,3.338895294895998715e-04
1.634481719999999950e+04,3.129040228147171544e-04
1.637559839999999895e+04,2.061679209937040914e-04
1.640637960000000021e+04,2.552118918918409060e-04
1.643716079999999783e+04,3.666904880008929786e-04
1.646794199999999910e+04,6.525374216453786770e-04
1.649872320000000036e+04,1.502002832690535776e-03
1.652950439999999799e+04,7.868516283025761776e-04
1.656028559999999925e+04,4.883397253748404492e-04
1.659106680000000051e+04,4.128253242191902515e-04
1.662184799999999814e+04,3.558859869372525838e-04
1.665262919999999940e+04,2.379470620156937588e-04
1.668341040000000066e+04,2.317693991402278641e-04
1.671419159999999829e+04,3.477186662328608248e-04
1.674497279999999955e+04,3.679766938949543555e-04
1.677575400000000081e+04,5.786888072315369853e-04
1.680653519999999844e+04,1.261298134608168468e-03
1.683731639999999970e+04,4.643877705366706264e-03
1.686809759999999733e+04,1.262125841826958412e-03
1.689887879999999859e+04,4.415030370085237864e-04
1.692965999999999985e+04,7.968899407580018338e-04
1.696044119999999748e+04,2.596708341377125008e-04
1.699122239999999874e+04,7.134732869950429152e-04
1.702200360000000001e+04,4.425965778373350712e-04
1.705278479999999763e+04,7.281158673630873769e-04
1.708356599999999889e+04,6.462068673380603947e-04
1.711434720000000016e+04,6.260704787022461923e-04
1.714512839999999778e+04,2.496458755480050274e-04
1.717590959999999905e+04,1.285920050753486612e-04
1.720669080000000031e+04,1.017968897152596362e-04
1.723747199999999793e+04,2.077077454180849324e-04
1.726825319999999920e+04,3.209574002412827944e-04
1.729903440000000046e+04,2.942266290304700982e-04
1.732981559999999808e+04,3.306550276625147057e-04
1.736059679999999935e+04,3.334534925964875740e-04
1.739137800000000061e+04,4.152200470910748535e-04
1.742215919999999824e+04,2.688752761940462746e-04
1.745294039999999950e+04,5.320165341686546858e-04
1.748372160000000076e+04,4.531504342800021334e-04
1.751450279999999839e+04,5.370073013920673806e-04
1.754528399999999965e+04,4.281868700904730828e-04
1.757606519999999728e+04,3.278193582286168277e-04
1.760684639999999854e+04,4.235807114660179967e-04
1.763762759999999980e+04,4.193999360358702743e-04
1.766840879999999743e+04,3.543301363888748889e-04
1.769918999999999869e+04,3.752776359805092823e-04
1.772997119999999995e+04,3.490259694733018080e-04
1.776075239999999758e+04,3.295753188694061143e-04
1.779153359999999884e+04,2.219087484845402880e-04
1.782231480000000010e+04,2.277352806144960096e-04
1.785309599999999773e+04,4.688495576638546255e-04
1.788387719999999899e+04,5.975613893874008294e-04
1.791465840000000026e+04,9.140885160183096457e-04
1.794543959999999788e+04,8.625910905080000834e-04
1.797622079999999914e+04,4.649707067513693306e-04
1.800700200000000041e+04,2.088552481843771889e-04
1.803778319999999803e+04,3.228197153778156474e-04
1.806856439999999930e+04,1.701094259712077094e-04
1.809934560000000056e+04,3.208523176939261220e-04
1.813012679999999818e+04,3.299678441810100556e-04
1.816090799999999945e+04,6.744553944597157791e-04
1.819168920000000071e+04,1.395385994389280624e-03
1.822247039999999834e+04,1.195458607207100944e-03
1.825325159999999960e+04,6.467488289523242589e-04
1.828403279999999722e+04,7.585090470646427491e-04
1.831481399999999849e+04,1.428386529486576568e-03
1.834559519999999975e+04,2.486135737311383383e-03
1.837637639999999737e+04,1.485124972732317647e-03
1.840715759999999864e+04,1.759764862706664386e-03
1.843793879999999990e+04,1.745966225680353366e-03
1.846871999999999753e+04,1.856365820075840797e-03
1.849950119999999879e+04,1.586733837826726943e-03
1.853028240000000005e+04,2.118472057128293132e-03
1.856106359999999768e+04,3.030001904506253365e-03
1.859184479999999894e+04,1.129760578262804013e-03
1.862262600000000020e+04,7.202935792802507174e-04
1.865340719999999783e+04,7.000840945599707621e-04
1.868418839999999909e+04,7.936164675011796133e-04
1.871496960000000036e+04,4.479682270881248118e-04
1.874575079999999798e+04,4.596870928191530443e-04
1.877653199999999924e+04,5.688856203293150273e-04
1.880731320000000051e+04,1.470474081514873237e-03
1.883809439999999813e+04,1.382859504025882834e-03
1.886887559999999939e+04,6.540143860036358101e-04
1.889965680000000066e+04,3.799728992396308514e-04
1.893043799999999828e+04,5.899769796778810051e-04
1.896121919999999955e+04,4.035665326942371959e-04
1.899200039999999717e+04,3.560730391629931516e-04
1.902278159999999843e+04,2.910383738439770705e-04
1.905356279999999970e+04,2.416380257155336178e-04
1.908434399999999732e+04,3.904219702070651403e-04
1.911512519999999859e+04,3.287256015480076216e-04
1.914590639999999985e+04,3.712182748198126136e-04
1.917668759999999747e+04,6.187131373630677623e-04
1.920746879999999874e+04,2.942196215085433842e-04
1.923825000000000000e+04,3.826809745863421182e-04
1.926903119999999763e+04,5.781320414911704985e-04
1.929981239999999889e+04,1.132327602311091657e-03
1.933059360000000015e+04,5.389063862871986462e-04
1.936137479999999778e+04,7.697216934319350400e-04
1.939215599999999904e+04,3.775188213575935109e-04
1.942293720000000030e+04,2.687871540550054467e-04
1.945371839999999793e+04,6.813296484552116682e-04
1.948449959999999919e+04,3.067021871342974840e-04
1.951528080000000045e+04,2.269799483588590095e-04
1.954606199999999808e+04,1.690623931787455718e-04
1.957684319999999934e+04,1.359090495065308219e-04
1.960762440000000061e+04,5.783785141917541955e-05
1.963840559999999823e+04,1.583125967006676887e-04
1.966918679999999949e+04,2.867323613855251208e-04
1.969996800000000076e+04,2.073509923725369000e-04
1.973074919999999838e+04,1.495378979389809168e-04
1.976153039999999964e+04,1.505588884946666109e-04
1.979231159999999727e+04,2.772521796098112576e-04
1.982309279999999853e+04,2.250590751965549031e-04
1.985387399999999980e+04,2.077756571293281880e-04
1.988465519999999742e+04,2.999771794934129624e-04
1.991543639999999868e+04,3.845301474709759211e-04
1.994621759999999995e+04,2.604158639789860711e-04
1.997699879999999757e+04,3.494545868685872201e-04
2.000777999999999884e+04,3.667328377032784740e-04
2.003856120000000010e+04,4.191182119050152984e-04
2.006934239999999772e+04,5.086868288953781724e-04
2.010012359999999899e+04,3.460941656262929780e-04
2.013090480000000025e+04,4.218262633634617723e-04
2.016168599999999788e+04,8.139423496505685971e-04
2.019246719999999914e+04,5.766930838576766376e-04
2.022324840000000040e+04,8.277181860024720702e-04
2.025402959999999803e+04,6.101087003537696007e-04
2.028481079999999929e+04,6.760596937341923924e-04
2.031559200000000055e+04,7.738848570542869888e-04
2.034637319999999818e+04,8.553472204392179945e-04
2.037715439999999944e+04,7.788843611768367890e-04
2.040793560000000070e+04,3.376883597296398984e-04
2.043871679999999833e+04,4.387835135087272292e-04
2.046949799999999959e+04,4.291351916516639707e-04
2.050027919999999722e+04,3.916089486491476754e-04
2.053106039999999848e+04,9.024053285640896765e-04
2.056184159999999974e+04,4.514103793286060860e-04
2.059262279999999737e+04,4.055869003097008576e-04
2.062340399999999863e+04,7.845983086549526827e-04
2.065418519999999990e+04,9.567277840041046822e-04
2.068496639999999752e+04,1.874047762123559353e-03
2.071574759999999878e+04,5.115558972553580289e-03
2.074652880000000005e+04,7.077959002426743472e-04
2.077730999999999767e+04,5.003589230283540627e-04
2.080809119999999893e+04,5.082788849861202222e-04
2.083887240000000020e+04,3.740805545294491026e-04
2.086965359999999782e+04,3.983368066661095632e-04
2.090043479999999909e+04,4.114671665362283257e-04
2.093121600000000035e+04,5.256089012993119848e-04
2.096199719999999797e+04,6.856953349856330371e-04
2.099277839999999924e+04,1.169298893536176078e-03
2.102355960000000050e+04,9.382933213143964052e-04
2.105434079999999813e+04,1.895952228158692904e-03
2.108512199999999939e+04,3.201253565748087091e-03
2.111590320000000065e+04,2.920860839372272592e-03
2.114668439999999828e+04,1.753976533084013320e-03
2.117746559999999954e+04,1.472641201093354002e-03
2.120824679999999717e+04,1.895909986901328980e-03
2.123902799999999843e+04,3.972959023119636279e-03
2.126980919999999969e+04,3.498857529871264235e-03
2.130059039999999732e+04,2.052107997211828801e-03
2.133137159999999858e+04,3.103044180474625810e-03
2.136215279999999984e+04,1.929278070130168582e-03
2.139293399999999747e+04,1.616231686705523049e-03
2.142371519999999873e+04,8.216519358670054847e-04
2.145449639999999999e+04,2.841864630830362925e-04
2.148527759999999762e+04,2.794035898175611194e-04
2.151605879999999888e+04,2.475405544132515596e-04
2.154684000000000015e+04,1.567578487669718437e-04
2.157762119999999777e+04,1.426805428212003790e-04
2.160840239999999903e+04,2.214028321323813578e-04
2.163918360000000030e+04,3.625580734648404602e-04
2.166996479999999792e+04,3.300271098234356542e-04
2.170074599999999919e+04,3.553289207501192392e-04
2.173152720000000045e+04,3.614509523460790897e-04
2.176230839999999807e+04,2.373353641516884891e-04
2.179308959999999934e+04,1.652013454050456495e-04
2.182387080000000060e+04,1.358163607587769661e-04
2.185465199999999822e+04,1.055197261661783943e-04
2.188543319999999949e+04,2.016202717401416572e-04
2.191621439999999711e+04,1.894283717590438266e-04
2.194699559999999838e+04,3.780989886487723297e-04
2.197777679999999964e+04,3.051056805459396570e-04
2.200855799999999726e+04,2.478787827388123925e-04
2.203933919999999853e+04,2.644825726911337392e-04
2.207012039999999979e+04,1.425983212966520908e-04
2.210090159999999742e+04,1.136810236454428201e-04
2.213168279999999868e+04,9.330967572526992519e-05
2.216246399999999994e+04,8.840011535219193071e-05
2.219324519999999757e+04,1.807874274689701762e-04
2.222402639999999883e+04,1.936276517310709202e-04
2.225480760000000009e+04,2.027380689407488033e-04
2.228558879999999772e+04,5.174156784063019656e-04
2.231636999999999898e+04,4.011241324080823726e-04
2.234715120000000024e+04,7.431334352214848159e-04
2.237793239999999787e+04,6.368236462322773373e-04
2.240871359999999913e+04,4.163992203872417903e-04
2.243949480000000040e+04,3.115494470900116004e-04
2.247027599999999802e+04,5.697957030465174893e-04
2.250105719999999928e+04,7.506611986464246282e-04
2.253183840000000055e+04,2.081080471605239199e-04
2.256261959999999817e+04,1.523810442946909520e-04
2.259340079999999944e+04,1.768592843083818453e-04
2.262418199999999706e+04,2.803421153254972466e-04
2.265496319999999832e+04,1.886955744874651490e-04
2.268574439999999959e+04,3.334705915883125074e-04
2.271652559999999721e+04,6.253199921129885992e-04
2.274730679999999847e+04,3.177028722349592828e-04
2.277808799999999974e+04,1.400255884354246290e-04
2.280886919999999736e+04,1.313153321058335146e-04
2.283965039999999863e+04,7.629645515026086723e-05
2.287043159999999989e+04,1.322354659695549033e-04
2.290121279999999751e+04,1.469782979556501982e-04
2.293199399999999878e+04,1.209037969443469042e-04
2.296277520000000004e+04,1.681298861638926890e-04
2.299355639999999767e+04,2.055606489601045439e-04
2.302433759999999893e+04,3.277361506029717922e-04
2.305511880000000019e+04,3.480846240717444464e-04
2.308589999999999782e+04,2.683980978898346261e-04
2.311668119999999908e+04,9.730110488133681952e-05
2.314746240000000034e+04,1.580035459991995862e-04
2.317824359999999797e+04,2.484871197651989869e-04
2.320902479999999923e+04,2.821350133811130392e-04
2.323980600000000049e+04,5.004978687624739905e-04
2.327058719999999812e+04,2.989789083202366621e-04
2.330136839999999938e+04,2.598293385176866964e-04
2.333214959999999701e+04,2.749655524268654902e-04
2.336293079999999827e+04,2.784961722403807424e-04
2.339371199999999953e+04,4.139308918339568524e-04
2.342449319999999716e+04,2.783472858141381140e-04
2.345527439999999842e+04,3.147962898035299687e-04
2.348605559999999969e+04,7.028309165272990334e-04
2.351683679999999731e+04,6.408522390967529448e-04
2.354761799999999857e+04,3.973730330150998416e-04
2.357839919999999984e+04,5.343761084350884174e-04
2.360918039999999746e+04,5.296255268895287910e-04
2.363996159999999873e+04,3.880068982071223794e-04
2.367074279999999999e+04,1.537938444377962683e-04
2.370152399999999761e+04,3.432223653033699253e-04
2.373230519999999888e+04,3.711194495856342873e-04
2.376308640000000014e+04,6.133550606556638666e-04
2.379386759999999776e+04,8.863670473861677904e-04
2.382464879999999903e+04,1.216509803818657635e-03
2.385543000000000029e+04,5.545476459170071244e-04
2.388621119999999792e+04,7.759774151769906203e-04
2.391699239999999918e+04,8.661388790911715143e-04
2.394777360000000044e+04,9.270360502124393555e-04
2.397855479999999807e+04,1.796417793327337873e-03
2.400933599999999933e+04,7.898789842079148625e-04
2.404011719999999696e+04,1.929593733943995920e-03
2.407089839999999822e+04,1.830316714866366207e-03
2.410167959999999948e+04,2.802664157078729647e-03
2.413246079999999711e+04,3.425980477531581463e-03
2.416324199999999837e+04,1.405203341265175675e-03
2.419402319999999963e+04,1.776634228251025094e-03
2.422480439999999726e+04,1.248026125765620527e-03
2.425558559999999852e+04,7.778665828126078490e-04
2.428636679999999978e+04,8.923857284182920352e-04
2.431714799999999741e+04,1.373894979225008224e-03
2.434792919999999867e+04,1.092937626240541834e-03
2.437871039999999994e+04,4.844943729444715018e-04
2.440949159999999756e+04,1.818129510001992603e-03
2.444027279999999882e+04,1.609801167783806277e-03
2.447105400000000009e+04,3.926423818740582125e-04
2.450183519999999771e+04,2.628932644998486102e-04
2.453261639999999898e+04,1.832093956629165339e-04
2.456339760000000024e+04,2.284006114330716490e-04
2.459417879999999786e+04,3.137914128931673066e-04
2.462495999999999913e+04,3.105233838709810039e-04
2.465574120000000039e+04,2.483334392831272846e-04
2.468652239999999802e+04,3.158552268389408914e-04
2.471730359999999928e+04,4.225241807713419283e-04
2.474808479999999690e+04,3.487051187920789733e-04
2.477886599999999817e+04,3.678977755511443604e-04
2.480964719999999943e+04,4.163560543662576940e-04
2.484042839999999705e+04,5.066177630478471347e-04
2.487120959999999832e+04,5.056260303922555663e-04
2.490199079999999958e+04,3.567389479317116942e-04
2.493277199999999721e+04,1.894357383514559353e-04
2.496355319999999847e+04,1.665218984383255675e-04
2.499433439999999973e+04,2.257559432054707135e-04
2.502511559999999736e+04,2.076781335501667067e-04
2.505589679999999862e+04,1.368538873354466418e-04
2.508667799999999988e+04,1.916986602327868652e-04
2.511745919999999751e+04,1.969664953500050168e-04
2.514824039999999877e+04,2.413758754008661883e-04
2.517902160000000003e+04,2.965058368034374369e-04
2.520980279999999766e+04,5.080852410189366048e-04
2.524058399999999892e+04,6.680584075193266805e-04
2.527136520000000019e+04,4.332184801305647261e-04
2.530214639999999781e+04,2.301472623768833939e-04
2.533292759999999907e+04,2.429563115904985297e-04
2.536370880000000034e+04,3.298934221474896476e-04
2.539448999999999796e+04,3.648750939101644405e-04
2.542527119999999923e+04,3.130547886936073864e-04
2.545605239999999685e+04,2.334335169420869143e-04
2.548683359999999811e+04,3.095309888521570311e-04
2.551761479999999938e+04,4.232104878309174618e-04
2.554839599999999700e+04,3.086391302725926102e-04
2.557917719999999827e+04,2.193192911101081249e-04
2.560995839999999953e+04,2.363716840610149766e-04
2.564073959999999715e+04,2.384878061829285288e-04
2.567152079999999842e+04,4.026951700456497677e-04
2.570230199999999968e+04,4.287302862802524301e-04
2.573308319999999730e+04,2.734327302555567018e-04
2.576386439999999857e+04,3.219025397365194710e-04
2.579464559999999983e+04,4.416122053594044757e-04
2.582542679999999746e+04,5.616627580369258632e-04
2.585620799999999872e+04,1.137803809613826666e-03
2.588698919999999998e+04,1.294818475512074908e-03
2.591777039999999761e+04,9.717817487342315279e-04
2.594855159999999887e+04,8.726858816038743187e-04
2.597933280000000013e+04,9.596123049264447579e-04
2.601011399999999776e+04,1.613470789384817807e-03
2.604089519999999902e+04,1.025981415712707125e-03
2.607167640000000029e+04,9.452791591200792416e-04
2.610245759999999791e+04,1.321949769417863404e-03
2.613323879999999917e+04,9.065373801030307674e-04
2.616401999999999680e+04,1.290080970520190561e-03
2.619480119999999806e+04,5.560621887381471439e-04
2.622558239999999932e+04,7.018173352198830810e-04
2.625636359999999695e+04,5.825460243833273637e-04
2.628714479999999821e+04,1.247298434289750629e-03
2.631792599999999948e+04,8.646722257259596570e-04
2.634870719999999710e+04,5.355285249723124334e-04
2.637948839999999836e+04,2.495054574745674144e-04
2.641026959999999963e+04,1.497188058776429298e-04
2.644105079999999725e+04,2.030098841498591820e-04
2.647183199999999852e+04,2.007712453187830888e-04
2.650261319999999978e+04,1.872728056018196474e-04
2.653339439999999740e+04,2.550921006529895813e-04
2.656417559999999867e+04,4.616834706478883965e-04
2.659495679999999993e+04,3.329096259915214164e-04
2.662573799999999756e+04,5.896582114684141345e-04
2.665651919999999882e+04,4.317268784602640102e-04
2.668730040000000008e+04,3.862353981463073909e-04
2.671808159999999771e+04,6.857318530005459276e-04
2.674886279999999897e+04,9.172050931111996701e-04
2.677964400000000023e+04,1.013801112645684385e-03
2.681042519999999786e+04,7.841554668103615545e-04
2.684120639999999912e+04,8.354625209378897539e-04
2.687198759999999675e+04,8.027158502251722366e-04
2.690276879999999801e+04,6.973242464634853968e-04
2.693354999999999927e+04,7.863170200952829952e-04
2.696433119999999690e+04,3.871771863752165800e-04
2.699511239999999816e+04,2.899740918530244529e-04
2.702589359999999942e+04,4.030054945785401855e-04
2.705667479999999705e+04,4.502401113588005706e-04
2.708745599999999831e+04,6.221872276619545665e-04
2.711823719999999958e+04,1.274193323198838639e-03
2.714901839999999720e+04,4.385040722667596542e-03
2.717979959999999846e+04,4.534833909463423240e-03
2.721058079999999973e+04,1.888292996956337328e-03
2.724136199999999735e+04,2.856439742572271148e-03
2.727214319999999861e+04,2.516367663644468629e-03
2.730292439999999988e+04,9.422058174672254174e-04
2.733370559999999750e+04,7.614177842492680839e-04
2.736448679999999877e+04,5.912594613921125708e-04
2.739526800000000003e+04,5.740106511395434491e-04
2.742604919999999765e+04,4.530783050326542879e-04
2.745683039999999892e+04,4.152549299130323113e-04
2.748761160000000018e+04,3.650239312743358230e-04
2.751839279999999781e+04,3.309631881218185606e-04
2.754917399999999907e+04,1.497302757485780152e-04
2.757995519999999669e+04,2.301229270799805228e-04
2.761073639999999796e+04,2.955624214792201506e-04
2.764151759999999922e+04,2.624812926427458749e-04
2.767229879999999685e+04,2.680517703030256831e-04
2.770307999999999811e+04,1.578913026938331163e-04
2.773386119999999937e+04,2.280252819366955877e-04
2.776464239999999700e+04,3.385906939286785120e-04
2.779542359999999826e+04,3.389482823754032194e-04
2.782620479999999952e+04,2.274724937704678386e-04
2.785698599999999715e+04,2.201525622064636639e-04
2.788776719999999841e+04,4.255661096626969439e-04
2.791854839999999967e+04,4.867356580879858194e-04
2.794932959999999730e+04,3.469390620962217666e-04
2.798011079999999856e+04,2.867020724502266520e-04
2.801089199999999983e+04,4.568785472890626734e-04
2.804167319999999745e+04,3.877558033750653013e-04
2.807245439999999871e+04,2.029447591757417894e-04
2.810323559999999998e+04,5.288412600940572408e-04
2.813401679999999760e+04,5.640441232046016677e-04
2.816479799999999886e+04,1.597565242731513718e-03
2.819557920000000013e+04,1.554984727476239545e-03
2.822636039999999775e+04,5.733423927109536139e-04
2.825714159999999902e+04,7.889193093627985213e-04
2.828792280000000028e+04,8.431901833508098588e-04
2.831870399999999790e+04,1.416155850228778979e-04
2.834948519999999917e+04,6.783377661232121731e-05
2.838026639999999679e+04,9.808701487381093456e-05
2.841104759999999806e+04,1.221457917025633067e-04
2.844182879999999932e+04,6.606204400979184225e-05
2.847260999999999694e+04,1.432802975377086066e-04
2.850339119999999821e+04,1.905792068539824760e-04
2.853417239999999947e+04,7.490274313620556227e-05
2.856495359999999710e+04,1.154984079515108811e-04
2.859573479999999836e+04,1.695226998044768122e-04
2.862651599999999962e+04,1.792551887970996621e-04
2.865729719999999725e+04,2.827054643471261911e-04
2.868807839999999851e+04,1.758121158563075560e-04
2.871885959999999977e+04,2.163337567451304030e-04
2.874964079999999740e+04,1.338148232481091177e-04
2.878042199999999866e+04,1.406182812231613363e-04
2.881120319999999992e+04,1.119514989651937604e-04
2.884198439999999755e+04,2.896299520351979244e-04
2.887276559999999881e+04,4.300704184456156758e-04
2.890354680000000008e+04,4.017668080930841086e-04
2.893432799999999770e+04,7.353182838310077379e-04
2.896510919999999896e+04,5.346738441009458737e-04
2.899589040000000023e+04,4.713943560190556872e-04
2.902667159999999785e+04,8.410448817339504944e-04
2.905745279999999912e+04,3.679797320181949698e-04
2.908823399999999674e+04,3.414018070688479159e-04
2.911901519999999800e+04,1.283970260986114556e-04
2.914979639999999927e+04,9.175686863849924436e-05
2.918057759999999689e+04,1.286116660275314042e-04
2.921135879999999815e+04,2.333788211034286994e-04
2.924213999999999942e+04,1.841450212877089880e-04
2.927292119999999704e+04,3.482044112441924698e-04
2.930370239999999831e+04,6.016152645027618212e-04
2.933448359999999957e+04,1.261597715819918033e-03
2.936526479999999719e+04,1.498729721912805003e-03
2.939604599999999846e+04,2.401419054502394040e-03
2.942682719999999972e+04,1.065179749625639856e-03
2.945760839999999735e+04,4.944838129720230228e-04
2.948838959999999861e+04,2.010670201494922952e-04
2.951917079999999987e+04,2.658346432680506457e-04
2.954995199999999750e+04,1.998869941204381537e-04
2.958073319999999876e+04,2.629173792243835479e-04
2.961151440000000002e+04,6.462201407115484002e-04
2.964229559999999765e+04,3.761810570079567951e-04
2.967307679999999891e+04,2.038841800054356482e-04
2.970385800000000017e+04,7.775693573775700643e-05
2.973463919999999780e+04,5.067674963070109459e-05
2.976542039999999906e+04,1.665167712854259512e-05
2.979620159999999669e+04,2.595114578699525470e-05
2.982698279999999795e+04,2.805026540296092779e-05
2.985776399999999921e+04,3.312987925764755991e-05
2.988854519999999684e+04,3.878308384401682376e-05
2.991932639999999810e+04,3.334588016504894440e-05
2.995010759999999937e+04,3.583895095964418541e-05
2.998088879999999699e+04,5.027601880708358731e-05
3.001166999999999825e+04,7.173645556199733818e-05
3.004245119999999952e+04,6.767405266079161029e-05
3.007323239999999714e+04,1.127826210719798882e-04
3.010401359999999841e+04,4.308031824939367665e-05
3.013479479999999967e+04,3.534541569309542554e-05
3.016557599999999729e+04,4.800069024529118227e-05
3.019635719999999856e+04,4.675938875262413769e-05
3.022713839999999982e+04,5.138897538717424420e-05
3.025791959999999744e+04,4.346002799522620080e-05
3.028870079999999871e+04,4.306377130843759478e-05
3.031948199999999997e+04,5.794919638862721344e-05
3.035026319999999760e+04,8.802699683410096835e-05
3.038104439999999886e+04,4.227489110064845765e-04
3.041182560000000012e+04,4.497389966357473283e-04
3.044260679999999775e+04,1.500340183936728225e-04
3.047338799999999901e+04,1.602121091795482048e-04
3.050416919999999664e+04,2.873940665022696266e-04
3.053495039999999790e+04,2.698547066535792751e-04
3.056573159999999916e+04,1.860287845482894002e-04
3.059651279999999679e+04,1.854734296244626242e-04
3.062729399999999805e+04,2.210364230135741228e-04
3.065807519999999931e+04,3.543857817356555677e-04
3.068885639999999694e+04,1.120558851415189017e-03
3.071963759999999820e+04,7.409466590175053111e-04
3.075041879999999946e+04,4.930872170153431048e-04
3.078119999999999709e+04,7.609584036620145684e-04
3.081198119999999835e+04,8.721580072627444901e-04
3.084276239999999962e+04,6.752407182415155447e-04
3.087354359999999724e+04,2.581452307859538674e-04
3.090432479999999850e+04,2.262528495223539672e-04
3.093510599999999977e+04,2.623269569905803769e-04
3.096588719999999739e+04,5.613752138047089883e-04
3.099666839999999866e+04,8.791497291489008391e-04
3.102744959999999992e+04,3.904031445793948929e-04
3.105823079999999754e+04,3.727870774398951747e-04
3.108901199999999881e+04,4.742144379492159380e-04
3.111979320000000007e+04,4.723846337201129618e-04
3.115057439999999769e+04,1.669001399922599629e-04
3.118135559999999896e+04,6.378406964568723218e-05
3.121213679999999658e+04,7.708902529796911643e-05
3.124291799999999785e+04,9.965743986305205366e-05
3.127369919999999911e+04,2.787184154485349051e-04
3.130448039999999673e+04,8.399279449031928232e-05
3.133526159999999800e+04,5.892293974578769329e-05
3.136604279999999926e+04,1.197535715935354734e-04
3.139682399999999689e+04,1.635236497266868397e-04
3.142760519999999815e+04,3.485883908173762272e-04
3.145838639999999941e+04,2.093624227300289794e-04
3.148916759999999704e+04,2.775415704167498226e-04
