0.000000000000000000e+00,3.591416882112841808e-04
3.078119999999999834e+01,3.030307722593758905e-04
6.156239999999999668e+01,2.313947517191777099e-04
9.234359999999999502e+01,2.982371212712556490e-04
1.231247999999999934e+02,3.990536765019078941e-04
1.539060000000000059e+02,4.568435173711342325e-04
1.846871999999999900e+02,7.020239991713071856e-04
2.154683999999999742e+02,1.012940519078145201e-03
2.462495999999999867e+02,6.891944337022370623e-04
2.770307999999999993e+02,5.488791570211581754e-04
3.078120000000000118e+02,4.040486227904765298e-04
3.385931999999999675e+02,5.968438969734213241e-04
3.693743999999999801e+02,5.116112806844054376e-04
4.001555999999999926e+02,4.874654987070479030e-04
4.309367999999999483e+02,5.633824879004470073e-04
4.617179999999999609e+02,1.381918834472886616e-03
4.924991999999999734e+02,1.016883629756718021e-03
5.232803999999999860e+02,1.756624233022299406e-03
5.540615999999999985e+02,1.044640200017668986e-03
5.848428000000000111e+02,7.985831483442107836e-04
6.156240000000000236e+02,5.691989764167277796e-04
6.464051999999999225e+02,7.800459825367339834e-04
6.771863999999999351e+02,3.962983083308684929e-04
7.079675999999999476e+02,3.217207608660636788e-04
7.387487999999999602e+02,4.296830764629269587e-04
7.695299999999999727e+02,7.574948271027642571e-04
8.003111999999999853e+02,1.031893262196700856e-03
8.310923999999999978e+02,6.506520417633976892e-04
8.618735999999998967e+02,6.214857059220346572e-04
8.926547999999999092e+02,6.071064519174132652e-04
9.234359999999999218e+02,6.698667489818272694e-04
9.542171999999999343e+02,7.491515825468022301e-04
9.849983999999999469e+02,5.397927079144155486e-04
1.015779599999999959e+03,4.951040506868293082e-04
1.046560799999999972e+03,5.805152518848211412e-04
1.077341999999999871e+03,1.131966492475217599e-03
1.108123199999999997e+03,6.657687593506748545e-04
1.138904399999999896e+03,5.783755824645841646e-04
1.169685600000000022e+03,7.151623455478425991e-04
1.200466799999999921e+03,7.491280340836219392e-04
1.231248000000000047e+03,6.648968568019648787e-04
1.262029199999999946e+03,5.916793277398474252e-04
1.292810399999999845e+03,5.954259987917816070e-04
1.323591599999999971e+03,1.041123665905123712e-03
1.354372799999999870e+03,6.296602080998244672e-04
1.385153999999999996e+03,1.014875090678554010e-03
1.415935199999999895e+03,1.094564280606529459e-03
1.446716400000000021e+03,6.302127951189024713e-04
1.477497599999999920e+03,4.742254954977753994e-04
1.508278799999999819e+03,2.835001884059869985e-04
1.539059999999999945e+03,5.691648049325230205e-04
1.569841199999999844e+03,2.848803652160218094e-04
1.600622399999999971e+03,3.133541491622409444e-04
1.631403599999999869e+03,2.619740501492686313e-04
1.662184799999999996e+03,2.474328293619614439e-04
1.692965999999999894e+03,2.847552111795056116e-04
1.723747199999999793e+03,6.287299775873972808e-04
1.754528399999999920e+03,1.014586925393383280e-03
1.785309599999999818e+03,1.251403846480359221e-03
1.816090799999999945e+03,1.494076909916731803e-03
1.846871999999999844e+03,1.961036718132972562e-03
1.877653199999999970e+03,1.565894160364102823e-03
1.908434399999999869e+03,8.355378324312943798e-04
1.939215599999999995e+03,8.757149401308045701e-04
1.969996799999999894e+03,7.909096945166801821e-04
2.000777999999999793e+03,8.966220316774706732e-04
2.031559199999999919e+03,2.496736026441544968e-03
2.062340400000000045e+03,1.076722266116045875e-03
2.093121599999999944e+03,2.144067146928136259e-03
2.123902799999999843e+03,1.017370272257099757e-03
2.154683999999999742e+03,1.157115955069678735e-03
2.185465200000000095e+03,1.213403906382509679e-03
2.216246399999999994e+03,6.975422487998227550e-04
2.247027599999999893e+03,4.832207338122714978e-04
2.277808799999999792e+03,2.985951314976785466e-04
2.308589999999999691e+03,3.902334342476562550e-04
2.339371200000000044e+03,4.301033359393388318e-04
2.370152399999999943e+03,3.210095513539675026e-04
2.400933599999999842e+03,2.517340950672284348e-04
2.431714799999999741e+03,3.477708335148337721e-04
2.462496000000000095e+03,2.074998167369357187e-04
2.493277199999999993e+03,3.196652001048777732e-04
2.524058399999999892e+03,6.122109117294209863e-04
2.554839599999999791e+03,3.522952021237263126e-04
2.585620799999999690e+03,4.987313305692938140e-04
2.616402000000000044e+03,2.379042870445352944e-04
2.647183199999999943e+03,2.039037220180086023e-04
2.677964399999999841e+03,2.373204099569962316e-04
2.708745599999999740e+03,1.555149328158334356e-04
2.739526799999999639e+03,1.238189262597171058e-04
2.770307999999999993e+03,8.532187188999496767e-05
2.801089199999999892e+03,1.010578238734483096e-04
2.831870399999999790e+03,9.928988743867201805e-05
2.862651599999999689e+03,7.952972890344269386e-05
2.893432800000000043e+03,9.678298505618306230e-05
2.924213999999999942e+03,9.648893966272852930e-05
2.954995199999999841e+03,1.091884170096314824e-04
2.985776399999999740e+03,1.381378322543309444e-04
3.016557599999999638e+03,1.435909131999019541e-04
3.047338799999999992e+03,3.242375911736846100e-04
3.078119999999999891e+03,3.368978724257898241e-04
3.108901199999999790e+03,4.249138757946184833e-04
3.139682399999999689e+03,6.805186088492239322e-04
3.170463600000000042e+03,8.180815932418858622e-04
3.201244799999999941e+03,7.177344579553059838e-04
3.232025999999999840e+03,5.174480993549334567e-04
3.262807199999999739e+03,3.976176295258119706e-04
3.293588399999999638e+03,2.397390866098127898e-04
3.324369599999999991e+03,2.991699313404459076e-04
3.355150799999999890e+03,2.617981997189271497e-04
3.385931999999999789e+03,2.830917119292632807e-04
3.416713199999999688e+03,3.118983624646999792e-04
3.447494399999999587e+03,5.585831575244003993e-04
3.478275599999999940e+03,1.435283412832633672e-04
3.509056799999999839e+03,1.369286391994771761e-04
3.539837999999999738e+03,1.510924223692468869e-04
3.570619199999999637e+03,1.276472659760110651e-04
3.601400399999999991e+03,9.221016705981425132e-05
3.632181599999999889e+03,1.099283424836026843e-04
3.662962799999999788e+03,2.145458689198476003e-04
3.693743999999999687e+03,1.841223732378432978e-04
3.724525199999999586e+03,1.752654669971026060e-04
3.755306399999999940e+03,2.175743546413818274e-04
3.786087599999999838e+03,2.443032176523299379e-04
3.816868799999999737e+03,2.064803417582904382e-04
3.847649999999999636e+03,1.910229179062986331e-04
3.878431199999999990e+03,3.235912010606685745e-04
3.909212399999999889e+03,3.036949582408255245e-04
3.939993599999999788e+03,8.021021105032736988e-04
3.970774799999999686e+03,7.223294367520559237e-04
4.001555999999999585e+03,6.423341831370855135e-04
4.032337199999999939e+03,6.464599293762375879e-04
4.063118399999999838e+03,7.667761238721978101e-04
4.093899599999999737e+03,7.050994995468612804e-04
4.124680800000000090e+03,2.107129466404491103e-03
4.155461999999999534e+03,2.686102374523692549e-03
4.186243199999999888e+03,1.622391951808654616e-03
4.217024399999999332e+03,1.531022923167953262e-03
4.247805599999999686e+03,1.092202409695834783e-03
4.278586800000000039e+03,1.853579137436077873e-03
4.309367999999999483e+03,4.307757226170415461e-03
4.340149199999999837e+03,7.650280304541508735e-04
4.370930400000000191e+03,3.444092594564755121e-04
4.401711599999999635e+03,5.656265394166886794e-04
4.432492799999999988e+03,1.002294998838590108e-03
4.463273999999999432e+03,4.036887010126379949e-04
4.494055199999999786e+03,1.414854879862064178e-03
4.524836400000000140e+03,5.679323384736686313e-04
4.555617599999999584e+03,4.741252112670579300e-04
4.586398799999999937e+03,9.254030262212331820e-04
4.617179999999999382e+03,1.288382501017054909e-03
4.647961199999999735e+03,1.504814513992990465e-03
4.678742400000000089e+03,1.846472488527432093e-03
4.709523599999999533e+03,1.615525945096694515e-03
4.740304799999999886e+03,5.604533371460730315e-04
4.771085999999999331e+03,3.045204277886771676e-04
4.801867199999999684e+03,5.129990042771518603e-04
4.832648400000000038e+03,1.052353111162545110e-03
4.863429599999999482e+03,6.398830282920547332e-04
4.894210799999999836e+03,8.274158616494134595e-04
4.924992000000000189e+03,1.108715442165268726e-03
4.955773199999999633e+03,6.674836196750413885e-04
4.986554399999999987e+03,2.370076189804363131e-04
5.017335599999999431e+03,9.102339287406260014e-05
5.048116799999999785e+03,1.047768674463051762e-04
5.078898000000000138e+03,6.658669005104740613e-05
5.109679199999999582e+03,4.973379913446685852e-05
5.140460399999999936e+03,6.027447154022162957e-05
5.171241599999999380e+03,2.040604296408189558e-04
5.202022799999999734e+03,2.660748641415367974e-04
5.232804000000000087e+03,5.402843087296542880e-04
5.263585199999999531e+03,4.349687109921608033e-04
5.294366399999999885e+03,1.210113928222626223e-03
5.325147599999999329e+03,4.731948088471264529e-04
5.355928799999999683e+03,4.815391964321789659e-04
5.386710000000000036e+03,1.483949541474462901e-04
5.417491199999999480e+03,8.914461713195866665e-05
5.448272399999999834e+03,1.132079423440333470e-04
5.479053599999999278e+03,1.094499087755198993e-04
5.509834799999999632e+03,7.448641926741576640e-05
5.540615999999999985e+03,1.283134724510027612e-04
5.571397199999999430e+03,2.379106123455652900e-04
5.602178399999999783e+03,1.682591768191119810e-04
5.632959600000000137e+03,5.525930956003368777e-05
5.663740799999999581e+03,6.207059439068853121e-05
5.694521999999999935e+03,8.310832938500366544e-05
5.725303199999999379e+03,2.938747991608756712e-04
5.756084399999999732e+03,2.744916901619369573e-04
5.786865600000000086e+03,3.414119250357711415e-04
5.817646799999999530e+03,3.220945078371636886e-04
5.848427999999999884e+03,5.847898084769689126e-04
5.879209199999999328e+03,7.025021648559093366e-04
5.909990399999999681e+03,3.975103408250543844e-04
5.940771600000000035e+03,4.008293639932427265e-04
5.971552799999999479e+03,4.545692242665733476e-04
6.002333999999999833e+03,2.408129082014541706e-04
6.033115199999999277e+03,5.714735452307061463e-04
6.063896399999999630e+03,2.893782374211110574e-04
6.094677599999999984e+03,2.812470062428879740e-04
6.125458799999999428e+03,2.161296767517161530e-04
6.156239999999999782e+03,9.714811765469060867e-05
6.187021199999999226e+03,1.052224627444074792e-04
6.217802399999999579e+03,9.064979891521588948e-05
6.248583599999999933e+03,1.162991358736026716e-04
6.279364799999999377e+03,1.406322980758194978e-04
6.310145999999999731e+03,1.199568566458056979e-04
6.340927200000000084e+03,8.456553191006596127e-05
6.371708399999999529e+03,7.144100379895027236e-05
6.402489599999999882e+03,1.230834087906479120e-04
6.433270799999999326e+03,7.870495709968242375e-05
6.464051999999999680e+03,5.770384997731503276e-05
6.494833200000000033e+03,5.392548674663226075e-05
6.525614399999999478e+03,6.876167177304913568e-05
6.556395599999999831e+03,4.303760692694330180e-05
6.587176799999999275e+03,7.017050510876743515e-05
6.617957999999999629e+03,1.332464701671336920e-04
6.648739199999999983e+03,1.239115755828856477e-04
6.679520399999999427e+03,1.126469815970888275e-04
6.710301599999999780e+03,1.207341936577530279e-04
6.741082799999999224e+03,1.503054534753695242e-04
6.771863999999999578e+03,1.625316120277488132e-04
6.802645199999999932e+03,1.644133568047082558e-04
6.833426399999999376e+03,1.870100465241413511e-04
6.864207599999999729e+03,2.046492746190791843e-04
6.894988799999999173e+03,3.241511940473424920e-04
6.925769999999999527e+03,2.532399656334182706e-04
6.956551199999999881e+03,1.840728700870039873e-04
6.987332399999999325e+03,7.370892294965000811e-05
7.018113599999999678e+03,9.363937843649541360e-05
7.048894800000000032e+03,6.756949814727942441e-05
7.079675999999999476e+03,6.334873200732338554e-05
7.110457199999999830e+03,1.433511858113179144e-04
7.141238399999999274e+03,2.054724153904701226e-04
7.172019599999999627e+03,1.399538683897458876e-04
7.202800799999999981e+03,2.005202526610211041e-04
7.233581999999999425e+03,3.659751142421357626e-04
7.264363199999999779e+03,2.092212818076777468e-04
7.295144399999999223e+03,1.594876866186833097e-04
7.325925599999999577e+03,1.171368795327127856e-04
7.356706799999999930e+03,7.692773801273388270e-05
7.387487999999999374e+03,9.889843159911674393e-05
7.418269199999999728e+03,7.460143085608587519e-05
7.449050399999999172e+03,3.926697669696045705e-05
7.479831599999999526e+03,3.036963155025914807e-05
7.510612799999999879e+03,5.207442351630634474e-05
7.541393999999999323e+03,3.084382713764007386e-05
7.572175199999999677e+03,4.113068846032378510e-05
7.602956400000000031e+03,4.015093110577563830e-05
7.633737599999999475e+03,2.269707803539345440e-05
7.664518799999999828e+03,3.842390640918126729e-05
7.695299999999999272e+03,5.412602312879654965e-05
7.726081199999999626e+03,4.648765417477409456e-05
7.756862399999999980e+03,5.851061564377488548e-05
7.787643599999999424e+03,7.398306463188836896e-05
7.818424799999999777e+03,1.108440331586380646e-04
7.849205999999999221e+03,3.309061172313876894e-04
7.879987199999999575e+03,9.878677519601535614e-05
7.910768399999999929e+03,6.381273875688173690e-05
7.941549599999999373e+03,3.910630808144035831e-05
7.972330799999999726e+03,9.722102740407840605e-05
8.003111999999999171e+03,1.119181398650911967e-04
8.033893199999999524e+03,1.824865584929600095e-04
8.064674399999999878e+03,1.068792231431264311e-04
8.095455599999999322e+03,2.188776415518747201e-04
8.126236799999999675e+03,3.256583664151049004e-04
8.157017999999999120e+03,1.229560189595552458e-04
8.187799199999999473e+03,2.111121231463524708e-04
8.218580399999998917e+03,3.002015010448501353e-04
8.249361600000000180e+03,3.033594092840267075e-04
8.280142799999999625e+03,2.670896615769439205e-04
8.310923999999999069e+03,3.609692705396182612e-04
8.341705200000000332e+03,3.651901418087738624e-04
8.372486399999999776e+03,5.188951585958026264e-04
8.403267599999999220e+03,4.684709564314643200e-04
8.434048799999998664e+03,2.360675460652270140e-04
8.464829999999999927e+03,1.242748283230892469e-04
8.495611199999999371e+03,1.005634880192966650e-04
8.526392399999998815e+03,1.228259746306568782e-04
8.557173600000000079e+03,2.745462281233625092e-04
8.587954799999999523e+03,3.143069874639341167e-04
8.618735999999998967e+03,3.326483482794775274e-04
8.649517200000000230e+03,1.836238997132290222e-04
8.680298399999999674e+03,4.055828647392315358e-04
8.711079599999999118e+03,6.593525598786626222e-04
8.741860800000000381e+03,5.547042278876250510e-04
8.772641999999999825e+03,8.181475182610501492e-04
8.803423199999999269e+03,3.673113487883713341e-04
8.834204399999998714e+03,1.650840687105158404e-04
8.864985599999999977e+03,2.864593288873395929e-04
8.895766799999999421e+03,2.468207632374966125e-04
8.926547999999998865e+03,1.742309005814330128e-04
8.957329200000000128e+03,2.134712263220063186e-04
8.988110399999999572e+03,4.348544601684646202e-04
9.018891599999999016e+03,7.488761281103759222e-04
9.049672800000000279e+03,5.944867981832021231e-04
9.080453999999999724e+03,3.686360290008421320e-04
9.111235199999999168e+03,3.078729781760081792e-04
9.142016399999998612e+03,1.732493032437388701e-04
9.172797599999999875e+03,1.463527633591870975e-04
9.203578799999999319e+03,6.117605156470266078e-05
9.234359999999998763e+03,1.405184549293876574e-04
9.265141200000000026e+03,1.625526488686644992e-04
9.295922399999999470e+03,1.483496649728956076e-04
9.326703599999998914e+03,2.358829712790617929e-04
9.357484800000000178e+03,1.537320852084999082e-04
9.388265999999999622e+03,1.516790325419009459e-04
9.419047199999999066e+03,1.667398176195275061e-04
9.449828400000000329e+03,1.387732657566553103e-04
9.480609599999999773e+03,1.765764465279785311e-04
9.511390799999999217e+03,1.040709587256798027e-04
9.542171999999998661e+03,1.488015151290330445e-04
9.572953199999999924e+03,3.233733168182018904e-04
9.603734399999999368e+03,5.072851076565336502e-04
9.634515599999998813e+03,1.093764543562222901e-03
9.665296800000000076e+03,5.339963297972915961e-04
9.696077999999999520e+03,2.598512270900516408e-04
9.726859199999998964e+03,3.410523795528442323e-04
9.757640400000000227e+03,2.182311017062579632e-04
9.788421599999999671e+03,2.371970093325860541e-04
9.819202799999999115e+03,2.215516775128207553e-04
9.849984000000000378e+03,1.109718503144186677e-04
9.880765199999999822e+03,9.697631242894340830e-05
9.911546399999999267e+03,2.515009488101353731e-04
9.942327599999998711e+03,8.853497909820753128e-04
9.973108799999999974e+03,7.220812671721359372e-04
1.000388999999999942e+04,2.698703300666334382e-04
1.003467119999999886e+04,3.414347300431857320e-04
1.006545240000000013e+04,1.589612340501383178e-04
1.009623359999999957e+04,2.166171735007529659e-04
1.012701479999999901e+04,2.277462841731037473e-04
1.015779600000000028e+04,2.044705367092109545e-04
1.018857719999999972e+04,5.017190917593268877e-04
1.021935839999999916e+04,4.975794411070274788e-04
1.025013959999999861e+04,8.744199332823533949e-04
1.028092079999999987e+04,6.024876599836033247e-04
1.031170199999999932e+04,2.716802697006928235e-04
1.034248319999999876e+04,2.880628830051994572e-04
1.037326440000000002e+04,2.572726067941539445e-04
1.040404559999999947e+04,3.024842402706768348e-04
1.043482679999999891e+04,4.051744587358857108e-04
1.046560800000000017e+04,1.571418728206541498e-04
1.049638919999999962e+04,1.151641790329991570e-04
1.052717039999999906e+04,1.562015917400949030e-04
1.055795160000000033e+04,1.655345239056978275e-04
1.058873279999999977e+04,1.233471694804288738e-04
1.061951399999999921e+04,8.682565258059052749e-05
1.065029519999999866e+04,1.180270207245612409e-04
1.068107639999999992e+04,1.124504729507180676e-04
1.071185759999999937e+04,1.321448580958027206e-04
1.074263879999999881e+04,9.318565360841861878e-05
1.077342000000000007e+04,8.990560281129908774e-05
1.080420119999999952e+04,7.887577190960144344e-05
1.083498239999999896e+04,5.737757095937384515e-05
1.086576360000000022e+04,8.254747873291129890e-05
1.089654479999999967e+04,2.219568760675812863e-04
1.092732599999999911e+04,2.073566297871870122e-04
1.095810719999999856e+04,1.060734630292148225e-04
1.098888839999999982e+04,3.489177866416703482e-05
1.101966959999999926e+04,9.660657713354419166e-05
1.105045079999999871e+04,1.285485230364648637e-04
1.108123199999999997e+04,8.684022057256914984e-05
1.111201319999999942e+04,1.023211468146025064e-04
1.114279439999999886e+04,1.140202826887501983e-04
1.117357560000000012e+04,2.542348920045537633e-04
1.120435679999999957e+04,2.948832709516917088e-04
1.123513799999999901e+04,1.757037733928931656e-04
1.126591920000000027e+04,1.294097696675356314e-04
1.129670039999999972e+04,7.117671841021140373e-05
1.132748159999999916e+04,8.674504014907722933e-05
1.135826279999999861e+04,1.742903624762338563e-04
1.138904399999999987e+04,1.154703325024286842e-04
1.141982519999999931e+04,1.705423135673824354e-04
1.145060639999999876e+04,4.390227656244299155e-05
1.148138760000000002e+04,4.155666039170863004e-05
1.151216879999999946e+04,6.615888100819840051e-05
1.154294999999999891e+04,5.254593041865564620e-05
1.157373120000000017e+04,1.227730852898933849e-05
1.160451239999999962e+04,2.594828275233395325e-05
1.163529359999999906e+04,4.917188767074361241e-05
1.166607479999999850e+04,7.143542736686843918e-05
1.169685599999999977e+04,6.851056511011008039e-05
1.172763719999999921e+04,5.724505949875886401e-05
1.175841839999999866e+04,8.371902852751178991e-05
1.178919959999999992e+04,2.926225519239001490e-05
1.181998079999999936e+04,6.673495716668338489e-05
1.185076199999999881e+04,6.488097829026244045e-05
1.188154320000000007e+04,5.098888045425937956e-05
1.191232439999999951e+04,5.391363494974450596e-05
1.194310559999999896e+04,4.487374504047233884e-05
1.197388680000000022e+04,5.906487675307308532e-05
1.200466799999999967e+04,9.392358275912829541e-05
1.203544919999999911e+04,7.064190953367803136e-05
1.206623039999999855e+04,5.026267143787776451e-05
1.209701159999999982e+04,1.164724757333756997e-04
1.212779279999999926e+04,1.471992787206954879e-04
1.215857399999999870e+04,1.900180156441987685e-04
1.218935519999999997e+04,1.177319845706624408e-04
1.222013639999999941e+04,1.036865313692154162e-04
1.225091759999999886e+04,2.411252129557579468e-04
1.228169880000000012e+04,9.615556424316854911e-05
1.231247999999999956e+04,1.181813515905000939e-04
1.234326119999999901e+04,6.903011293046796377e-05
1.237404239999999845e+04,1.270649742980362127e-04
1.240482359999999971e+04,1.183233968742194542e-04
1.243560479999999916e+04,1.491811461982363448e-04
1.246638599999999860e+04,2.505628928673836703e-04
1.249716719999999987e+04,2.588946547748826070e-04
1.252794839999999931e+04,4.193526584809839923e-04
1.255872959999999875e+04,4.709745614438693492e-04
1.258951080000000002e+04,4.856619349089560489e-04
1.262029199999999946e+04,9.092289601714014695e-04
1.265107319999999891e+04,5.394438190169745934e-04
1.268185440000000017e+04,3.405724755569550124e-04
1.271263559999999961e+04,1.805829205846811716e-04
1.274341679999999906e+04,1.953011475561191440e-04
1.277419799999999850e+04,2.295876620296866415e-04
1.280497919999999976e+04,4.424139714775943946e-04
1.283576039999999921e+04,6.046163835986929436e-04
1.286654159999999865e+04,4.652646772836841155e-04
1.289732279999999992e+04,2.578576925491958419e-04
1.292810399999999936e+04,2.589648035782278674e-04
1.295888519999999880e+04,1.547434704032201662e-04
1.298966640000000007e+04,3.223278559812462981e-04
1.302044759999999951e+04,1.175917389794832300e-04
1.305122879999999896e+04,1.096608050833147968e-04
1.308200999999999840e+04,1.795165797136084504e-04
1.311279119999999966e+04,1.176110250792367789e-04
1.314357239999999911e+04,2.752059758979855694e-04
1.317435359999999855e+04,1.655225375308022639e-04
1.320513479999999981e+04,1.469029463029431751e-04
1.323591599999999926e+04,2.210444362364231172e-04
1.326669719999999870e+04,4.168841920354027859e-04
1.329747839999999997e+04,6.292805358820557091e-04
1.332825959999999941e+04,8.097798725966049447e-04
1.335904079999999885e+04,1.235941682611165025e-03
1.338982200000000012e+04,1.412214966659069374e-03
1.342060319999999956e+04,1.143270401085225629e-03
1.345138439999999900e+04,1.305973010421986828e-03
1.348216559999999845e+04,9.682717913046409936e-04
1.351294679999999971e+04,1.420401534807182002e-03
1.354372799999999916e+04,1.401868689489673163e-03
1.357450919999999860e+04,1.919904922274219073e-03
1.360529039999999986e+04,2.241401185221442421e-03
1.363607159999999931e+04,2.938472307266487560e-03
1.366685279999999875e+04,1.693818143224484285e-03
1.369763400000000001e+04,1.289177186762279111e-03
1.372841519999999946e+04,1.287733875342133303e-03
1.375919639999999890e+04,1.422732865227879263e-03
1.378997759999999835e+04,1.510391715816607194e-03
1.382075879999999961e+04,1.314233216753491612e-03
1.385153999999999905e+04,1.012639253414296132e-03
1.388232119999999850e+04,1.058489791628911859e-03
1.391310239999999976e+04,9.761971879240661110e-04
1.394388359999999921e+04,6.564064827365535338e-04
1.397466479999999865e+04,5.847111469362564762e-04
1.400544599999999991e+04,4.334916460219076680e-04
1.403622719999999936e+04,3.355343157203033791e-04
1.406700839999999880e+04,1.782819372081828830e-04
1.409778960000000006e+04,1.240269224509749882e-04
1.412857079999999951e+04,1.232324698768261435e-04
1.415935199999999895e+04,9.548977293543530788e-05
1.419013319999999840e+04,2.475130527915027638e-04
1.422091439999999966e+04,1.164237952530992057e-04
1.425169559999999910e+04,1.180293953829101054e-04
1.428247679999999855e+04,7.228467642475713665e-05
1.431325799999999981e+04,6.189641627696758624e-05
1.434403919999999925e+04,1.109628035784375282e-04
1.437482039999999870e+04,9.546129848271886042e-05
1.440560159999999996e+04,1.430346356889546544e-04
1.443638279999999941e+04,6.919100372401489334e-05
1.446716399999999885e+04,9.314522377924797027e-05
1.449794520000000011e+04,9.913434367820994468e-05
1.452872639999999956e+04,1.807012907033829594e-04
1.455950759999999900e+04,2.043483870812069336e-04
1.459028879999999845e+04,1.959770518784384322e-04
1.462106999999999971e+04,2.281840545915077019e-04
1.465185119999999915e+04,3.246764334619654108e-04
1.468263239999999860e+04,1.885054815827382586e-04
1.471341359999999986e+04,8.583749802097386450e-05
1.474419479999999930e+04,1.559299909436021763e-04
1.477497599999999875e+04,1.213149355032197010e-04
1.480575720000000001e+04,1.556997500458651260e-04
1.483653839999999946e+04,1.054456704565889466e-04
1.486731959999999890e+04,1.083867428785756056e-04
1.489810079999999834e+04,9.816582972377614212e-05
1.492888199999999961e+04,2.913731133937759671e-04
1.495966319999999905e+04,2.262964795856008766e-04
1.499044439999999850e+04,1.170841510107595805e-04
1.502122559999999976e+04,7.368155896192957286e-05
1.505200679999999920e+04,9.458576046022153054e-05
1.508278799999999865e+04,8.363345356428133809e-05
1.511356919999999991e+04,1.015595895230861036e-04
1.514435039999999935e+04,3.991288771878066625e-05
1.517513159999999880e+04,6.049476942074677493e-05
1.520591280000000006e+04,6.038034982602262968e-05
1.523669399999999951e+04,5.703903427301068601e-05
1.526747519999999895e+04,7.054269111153154553e-05
1.529825639999999839e+04,6.849117839528490507e-05
1.532903759999999966e+04,3.473824569637348932e-05
1.535981879999999910e+04,5.189499478424345258e-05
1.539059999999999854e+04,9.030930450498904621e-05
1.542138119999999981e+04,1.148467159638432838e-04
1.545216239999999925e+04,1.044532767484092481e-04
1.548294359999999870e+04,8.827281235625051669e-05
1.551372479999999996e+04,9.760349802377898910e-05
1.554450599999999940e+04,1.935417406073603060e-04
1.557528719999999885e+04,2.635422850477738151e-04
1.560606839999999829e+04,2.244389958258499848e-04
1.563684959999999955e+04,2.899096002452616764e-04
1.566763079999999900e+04,2.605353588385627577e-04
1.569841199999999844e+04,8.851241616046587909e-05
1.572919319999999971e+04,1.353994455454944558e-04
1.575997439999999915e+04,8.310720531618498148e-05
1.579075559999999859e+04,6.792819517932593911e-05
1.582153679999999986e+04,1.385907260566840264e-04
1.585231799999999930e+04,2.026436408274965542e-04
1.588309919999999875e+04,1.640628091361014660e-04
1.591388040000000001e+04,1.875309371867626995e-04
1.594466159999999945e+04,1.152173332647311377e-04
1.597544279999999890e+04,7.232048247959348077e-05
1.600622399999999834e+04,7.590182500435398041e-05
1.603700519999999960e+04,7.867661429774303462e-05
1.606778639999999905e+04,6.732554541532622153e-05
1.609856759999999849e+04,1.256014146055462442e-04
1.612934879999999976e+04,1.284076978182579630e-04
1.616012999999999920e+04,2.497611870435734833e-04
1.619091119999999864e+04,2.698863361403919942e-04
1.622169239999999991e+04,3.633802852608136757e-04
1.625247359999999935e+04,2.175080065912086090e-04
1.628325479999999880e+04,4.764411811112806232e-05
1.631403599999999824e+04,5.791324537709837306e-05
1.634481719999999950e+04,5.277003181594873822e-05
1.637559839999999895e+04,3.035212333634996972e-05
1.640637960000000021e+04,3.833225477855916946e-05
1.643716079999999783e+04,5.874749013501727425e-05
1.646794199999999910e+04,1.155450044468625754e-04
1.649872320000000036e+04,3.240296441601199224e-04
1.652950439999999799e+04,1.498130410385203166e-04
1.656028559999999925e+04,9.022376469941217046e-05
1.659106680000000051e+04,8.018209420955159014e-05
1.662184799999999814e+04,6.507476771792117080e-05
1.665262919999999940e+04,3.805812893025985405e-05
1.668341040000000066e+04,3.390613766060873919e-05
1.671419159999999829e+04,5.521599899967477169e-05
1.674497279999999955e+04,5.921430869200044095e-05
1.677575400000000081e+04,9.984816964390865867e-05
1.680653519999999844e+04,2.451690562188521072e-04
1.683731639999999970e+04,1.180451687151944833e-03
1.686809759999999733e+04,2.602808411551082350e-04
1.689887879999999859e+04,7.947171492804819791e-05
1.692965999999999985e+04,1.828116758503966252e-04
1.696044119999999748e+04,4.051023430225683290e-05
1.699122239999999874e+04,1.440042906975016730e-04
1.702200360000000001e+04,8.304641320748435980e-05
1.705278479999999763e+04,1.509175739055476292e-04
1.708356599999999889e+04,1.259897473552206403e-04
1.711434720000000016e+04,1.224398796069507374e-04
1.714512839999999778e+04,4.338357548433091247e-05
1.717590959999999905e+04,1.907098717165893337e-05
1.720669080000000031e+04,1.449529447542658307e-05
1.723747199999999793e+04,3.381532924208076335e-05
1.726825319999999920e+04,5.883638612356838476e-05
1.729903440000000046e+04,5.177269300806944642e-05
1.732981559999999808e+04,6.135383041404833667e-05
1.736059679999999935e+04,6.086770055266319408e-05
1.739137800000000061e+04,7.926444379444774313e-05
1.742215919999999824e+04,4.377313887827943026e-05
1.745294039999999950e+04,1.044629911947208818e-04
1.748372160000000076e+04,7.991087179611508788e-05
1.751450279999999839e+04,1.026067278882420304e-04
1.754528399999999965e+04,7.848788303940984565e-05
1.757606519999999728e+04,5.385802645026387282e-05
1.760684639999999854e+04,7.470884458649999771e-05
1.763762759999999980e+04,7.043832901798822066e-05
1.766840879999999743e+04,5.753321593869503882e-05
1.769918999999999869e+04,6.284634640314519657e-05
1.772997119999999995e+04,5.911473705618895333e-05
1.776075239999999758e+04,5.440799348200472106e-05
1.779153359999999884e+04,3.265765063824752567e-05
1.782231480000000010e+04,3.388445336491605297e-05
1.785309599999999773e+04,7.763905572655907539e-05
1.788387719999999899e+04,1.047650955089776567e-04
1.791465840000000026e+04,1.772381325230674163e-04
1.794543959999999788e+04,1.654287581470817513e-04
1.797622079999999914e+04,8.378291251886383500e-05
1.800700200000000041e+04,3.157027716789139864e-05
1.803778319999999803e+04,5.760011669413618335e-05
1.806856439999999930e+04,2.481060692949865775e-05
1.809934560000000056e+04,5.521300821631474888e-05
1.813012679999999818e+04,5.385485017534946228e-05
1.816090799999999945e+04,1.226862669041316059e-04
1.819168920000000071e+04,2.818437551921128834e-04
1.822247039999999834e+04,2.601586247303651757e-04
1.825325159999999960e+04,1.210545181765729358e-04
1.828403279999999722e+04,1.414192648384773703e-04
1.831481399999999849e+04,2.969160132040557292e-04
1.834559519999999975e+04,5.756462223238215407e-04
1.837637639999999737e+04,3.002967263396761483e-04
1.840715759999999864e+04,3.625114884735129261e-04
1.843793879999999990e+04,3.645754298709888062e-04
1.846871999999999753e+04,3.984482365386914429e-04
1.849950119999999879e+04,3.328240599416360294e-04
1.853028240000000005e+04,4.661206880686665941e-04
1.856106359999999768e+04,7.064307690646329111e-04
1.859184479999999894e+04,2.267276812773984002e-04
1.862262600000000020e+04,1.342365112765743886e-04
1.865340719999999783e+04,1.287052197405271067e-04
1.868418839999999909e+04,1.485510245778912033e-04
1.871496960000000036e+04,7.675817645546566270e-05
1.874575079999999798e+04,7.908280630544820304e-05
1.877653199999999924e+04,1.021560723098482293e-04
1.880731320000000051e+04,3.156625132737170139e-04
1.883809439999999813e+04,3.126129865707402309e-04
1.886887559999999939e+04,1.321874765022400364e-04
1.889965680000000066e+04,6.735990216226495390e-05
1.893043799999999828e+04,1.146455436101862549e-04
1.896121919999999955e+04,7.327829080275194049e-05
1.899200039999999717e+04,6.294920541578062742e-05
1.902278159999999843e+04,4.956023595529647290e-05
1.905356279999999970e+04,3.776585633097521375e-05
1.908434399999999732e+04,6.629308390223239453e-05
1.911512519999999859e+04,5.462616812298694914e-05
1.914590639999999985e+04,6.420088451859193085e-05
1.917668759999999747e+04,1.188018943165795757e-04
1.920746879999999874e+04,4.845871495283323301e-05
1.923825000000000000e+04,6.648795498726262478e-05
1.926903119999999763e+04,1.098386108444149409e-04
1.929981239999999889e+04,2.405677669666105175e-04
1.933059360000000015e+04,9.723481833296936517e-05
1.936137479999999778e+04,1.644280181754449190e-04
1.939215599999999904e+04,6.560142303144645868e-05
1.942293720000000030e+04,4.283779468004337171e-05
1.945371839999999793e+04,1.298157201586477524e-04
1.948449959999999919e+04,5.089309607563816319e-05
1.951528080000000045e+04,3.751643592916921840e-05
1.954606199999999808e+04,2.546766536619444833e-05
1.957684319999999934e+04,2.073040912856637604e-05
1.960762440000000061e+04,7.149748433228807483e-06
1.963840559999999823e+04,2.407924568953327397e-05
1.966918679999999949e+04,4.954849419783920048e-05
1.969996800000000076e+04,3.254459139588000656e-05
1.973074919999999838e+04,2.113675705164342228e-05
1.976153039999999964e+04,2.150245373026235833e-05
1.979231159999999727e+04,4.732964586743720328e-05
1.982309279999999853e+04,3.648559869894515013e-05
1.985387399999999980e+04,3.036367797275455691e-05
1.988465519999999742e+04,4.798189526476455760e-05
1.991543639999999868e+04,6.637750486384527422e-05
1.994621759999999995e+04,4.150923673965730196e-05
1.997699879999999757e+04,5.986550834191279083e-05
2.000777999999999884e+04,6.538006799767387151e-05
2.003856120000000010e+04,7.485139359610547478e-05
2.006934239999999772e+04,9.958019735665471928e-05
2.010012359999999899e+04,5.961307011885547829e-05
2.013090480000000025e+04,7.319779088019203578e-05
2.016168599999999788e+04,1.587385049540586662e-04
2.019246719999999914e+04,1.049595043117387681e-04
2.022324840000000040e+04,1.589873555233201757e-04
2.025402959999999803e+04,1.129108343173985219e-04
2.028481079999999929e+04,1.202048967645010934e-04
2.031559200000000055e+04,1.450055340478130777e-04
2.034637319999999818e+04,1.632867927228761468e-04
2.037715439999999944e+04,1.484193902064115107e-04
2.040793560000000070e+04,5.323991884959305439e-05
2.043871679999999833e+04,7.430214735253491264e-05
2.046949799999999959e+04,7.035384083724046029e-05
2.050027919999999722e+04,6.125382061857484700e-05
2.053106039999999848e+04,1.783355961029438677e-04
2.056184159999999974e+04,7.639963239156246776e-05
2.059262279999999737e+04,6.831722335741800009e-05
2.062340399999999863e+04,1.378760878539999192e-04
2.065418519999999990e+04,1.665596883203826408e-04
2.068496639999999752e+04,3.517995450480553791e-04
2.071574759999999878e+04,1.296345202509537747e-03
2.074652880000000005e+04,1.263019279285189855e-04
2.077730999999999767e+04,9.068778894230195800e-05
2.080809119999999893e+04,9.202658888838249158e-05
2.083887240000000020e+04,6.535723023429608307e-05
2.086965359999999782e+04,6.437070200175926268e-05
2.090043479999999909e+04,6.648648148291248642e-05
2.093121600000000035e+04,9.249384030966815897e-05
2.096199719999999797e+04,1.236671485239449267e-04
2.099277839999999924e+04,2.528553689903796100e-04
2.102355960000000050e+04,1.775179018981136480e-04
2.105434079999999813e+04,4.277747290572121849e-04
2.108512199999999939e+04,7.452903731804001166e-04
2.111590320000000065e+04,6.843063837710935482e-04
2.114668439999999828e+04,3.666785576158773565e-04
2.117746559999999954e+04,2.997847530449000795e-04
2.120824679999999717e+04,3.937296015827892776e-04
2.123902799999999843e+04,9.382420420146769411e-04
2.126980919999999969e+04,8.221089696478159218e-04
2.130059039999999732e+04,4.425791836761241342e-04
2.133137159999999858e+04,7.150193821797800166e-04
2.136215279999999984e+04,4.289565619425912322e-04
2.139293399999999747e+04,3.601755728481448554e-04
2.142371519999999873e+04,1.671370033071567496e-04
2.145449639999999999e+04,4.724331930068339526e-05
2.148527759999999762e+04,4.581504434935456624e-05
2.151605879999999888e+04,4.291111133860517465e-05
2.154684000000000015e+04,2.316498095591839354e-05
2.157762119999999777e+04,2.124552893844310143e-05
2.160840239999999903e+04,3.807173918253979811e-05
2.163918360000000030e+04,6.633491686203286182e-05
2.166996479999999792e+04,5.440562524074476277e-05
2.170074599999999919e+04,5.996960754361991972e-05
2.173152720000000045e+04,6.102169455552034036e-05
2.176230839999999807e+04,3.971754115637258803e-05
2.179308959999999934e+04,2.446367249097264034e-05
2.182387080000000060e+04,2.033572614516916544e-05
2.185465199999999822e+04,1.495904068145338447e-05
2.188543319999999949e+04,3.258656414258306064e-05
2.191621439999999711e+04,2.919730583883417262e-05
2.194699559999999838e+04,6.746143940316367215e-05
2.197777679999999964e+04,4.864291128420770733e-05
2.200855799999999726e+04,3.869728745076224797e-05
2.203933919999999853e+04,4.401966020296066662e-05
2.207012039999999979e+04,2.224869037928033577e-05
2.210090159999999742e+04,1.724399539777762846e-05
2.213168279999999868e+04,1.322007917550279560e-05
2.216246399999999994e+04,1.170499420139321068e-05
2.219324519999999757e+04,2.669363475115784127e-05
2.222402639999999883e+04,2.946297639631406134e-05
2.225480760000000009e+04,3.059698599160397937e-05
2.228558879999999772e+04,9.210324993698004346e-05
2.231636999999999898e+04,6.935630311095806371e-05
2.234715120000000024e+04,1.447332475126314282e-04
2.237793239999999787e+04,1.217724419287661907e-04
2.240871359999999913e+04,7.796919807556919638e-05
2.243949480000000040e+04,5.425963824522359578e-05
2.247027599999999802e+04,1.104083018275125994e-04
2.250105719999999928e+04,1.528048568929220796e-04
2.253183840000000055e+04,3.313491818112490004e-05
2.256261959999999817e+04,2.385160235801403949e-05
2.259340079999999944e+04,2.664423673264465777e-05
2.262418199999999706e+04,4.948799845913087416e-05
2.265496319999999832e+04,2.884937265582389782e-05
2.268574439999999959e+04,5.648185863978385021e-05
2.271652559999999721e+04,1.196469189849590936e-04
2.274730679999999847e+04,5.515476688033371845e-05
2.277808799999999974e+04,2.028633451836199406e-05
2.280886919999999736e+04,1.963340728397809201e-05
2.283965039999999863e+04,1.071136973850668216e-05
2.287043159999999989e+04,2.069439169014457132e-05
2.290121279999999751e+04,2.255905998360050309e-05
2.293199399999999878e+04,1.816073207034358378e-05
2.296277520000000004e+04,2.654049198998079204e-05
2.299355639999999767e+04,3.301033299539317921e-05
2.302433759999999893e+04,5.716273469782190729e-05
2.305511880000000019e+04,6.157508417780570948e-05
2.308589999999999782e+04,4.573405610508748080e-05
2.311668119999999908e+04,1.361998450561938697e-05
2.314746240000000034e+04,2.482623706865680523e-05
2.317824359999999797e+04,4.090182631486214977e-05
2.320902479999999923e+04,4.470077891370914181e-05
2.323980600000000049e+04,8.885865946046504489e-05
2.327058719999999812e+04,5.010130976130142111e-05
2.330136839999999938e+04,4.332526796644283401e-05
2.333214959999999701e+04,4.799239582665495860e-05
2.336293079999999827e+04,4.658558178562393747e-05
2.339371199999999953e+04,7.794882150878345076e-05
2.342449319999999716e+04,4.429003262865247677e-05
2.345527439999999842e+04,5.029150547303032484e-05
2.348605559999999969e+04,1.372406092647253210e-04
2.351683679999999731e+04,1.307240068128692561e-04
2.354761799999999857e+04,6.975478549581919650e-05
2.357839919999999984e+04,1.047890724292754975e-04
2.360918039999999746e+04,1.054513654877198183e-04
2.363996159999999873e+04,7.834879922554502786e-05
2.367074279999999999e+04,2.316412764178587088e-05
2.370152399999999761e+04,6.239544239629460723e-05
2.373230519999999888e+04,6.297948995334747338e-05
2.376308640000000014e+04,1.142570147032160216e-04
2.379386759999999776e+04,1.723760690425312316e-04
2.382464879999999903e+04,2.541767511516460922e-04
2.385543000000000029e+04,1.025872506932987063e-04
2.388621119999999792e+04,1.497776473996279380e-04
2.391699239999999918e+04,1.725828545349471254e-04
2.394777360000000044e+04,1.872312314819226027e-04
2.397855479999999807e+04,4.091108864107354665e-04
2.400933599999999933e+04,1.535106771183155857e-04
2.404011719999999696e+04,4.445632708224574832e-04
2.407089839999999822e+04,3.823360244869385659e-04
2.410167959999999948e+04,6.307885154530856698e-04
2.413246079999999711e+04,8.100699169716500453e-04
2.416324199999999837e+04,2.838800254310344749e-04
2.419402319999999963e+04,3.898950796010604096e-04
2.422480439999999726e+04,2.667711748963743582e-04
2.425558559999999852e+04,1.509437573645170565e-04
2.428636679999999978e+04,1.696205512857155019e-04
2.431714799999999741e+04,2.775380302135830712e-04
2.434792919999999867e+04,2.220205816926317172e-04
2.437871039999999994e+04,8.156609594905944597e-05
2.440949159999999756e+04,3.948785842308360551e-04
2.444027279999999882e+04,3.463456990597164366e-04
2.447105400000000009e+04,6.832226983773214259e-05
2.450183519999999771e+04,4.938804058668597820e-05
2.453261639999999898e+04,2.716761550393296333e-05
2.456339760000000024e+04,3.549106144706312531e-05
2.459417879999999786e+04,5.186186112671168258e-05
2.462495999999999913e+04,5.005329810957507403e-05
2.465574120000000039e+04,3.909765594671910994e-05
2.468652239999999802e+04,5.016927526967246035e-05
2.471730359999999928e+04,7.198128958229048011e-05
2.474808479999999690e+04,5.829052338217181623e-05
2.477886599999999817e+04,6.128610027613256726e-05
2.480964719999999943e+04,6.894356199211768531e-05
2.484042839999999705e+04,9.242148550630489281e-05
2.487120959999999832e+04,9.617539224214618641e-05
2.490199079999999958e+04,6.154739825631529453e-05
2.493277199999999721e+04,3.007902281035841084e-05
2.496355319999999847e+04,2.474349061167706421e-05
2.499433439999999973e+04,3.663384534806950541e-05
2.502511559999999736e+04,3.333620124521733638e-05
2.505589679999999862e+04,1.969011613818853307e-05
2.508667799999999988e+04,2.959405660456251356e-05
2.511745919999999751e+04,3.037882652211167014e-05
2.514824039999999877e+04,3.958507292242121559e-05
2.517902160000000003e+04,4.736384036031476282e-05
2.520980279999999766e+04,8.841893635962841717e-05
2.524058399999999892e+04,1.288341081698658123e-04
2.527136520000000019e+04,7.632084685350191608e-05
2.530214639999999781e+04,3.639438214417982983e-05
2.533292759999999907e+04,3.903760766258151401e-05
2.536370880000000034e+04,5.866444984928460577e-05
2.539448999999999796e+04,6.363741205008117648e-05
2.542527119999999923e+04,5.308755510936415752e-05
2.545605239999999685e+04,3.895679474779560700e-05
2.548683359999999811e+04,5.456582407540279595e-05
2.551761479999999938e+04,8.002661793625978788e-05
2.554839599999999700e+04,5.594380025341006346e-05
2.557917719999999827e+04,3.667420319104642136e-05
2.560995839999999953e+04,3.915999818061500950e-05
2.564073959999999715e+04,3.748543422708606874e-05
2.567152079999999842e+04,6.958730105016481453e-05
2.570230199999999968e+04,7.435028142838186476e-05
2.573308319999999730e+04,4.203059400956069192e-05
2.576386439999999857e+04,4.981813140896793204e-05
2.579464559999999983e+04,7.559972098878047061e-05
2.582542679999999746e+04,9.960178045231415488e-05
2.585620799999999872e+04,2.295762280700579011e-04
2.588698919999999998e+04,2.748885343984622102e-04
2.591777039999999761e+04,1.906133772800609923e-04
2.594855159999999887e+04,1.656242926078091426e-04
2.597933280000000013e+04,1.792858141500832357e-04
2.601011399999999776e+04,3.510414886632700748e-04
2.604089519999999902e+04,2.060612947892134165e-04
2.607167640000000029e+04,1.892584090031299850e-04
2.610245759999999791e+04,2.746408706656305616e-04
2.613323879999999917e+04,1.840019032932112687e-04
2.616401999999999680e+04,2.823393593071459886e-04
2.619480119999999806e+04,1.003338830669581563e-04
2.622558239999999932e+04,1.286925753985263183e-04
2.625636359999999695e+04,1.024714565044787247e-04
2.628714479999999821e+04,2.501402006206674181e-04
2.631792599999999948e+04,1.674543937438965500e-04
2.634870719999999710e+04,9.764405943803266370e-05
2.637948839999999836e+04,4.066527467207839430e-05
2.641026959999999963e+04,2.226876308742220417e-05
2.644105079999999725e+04,3.420788135590105514e-05
2.647183199999999852e+04,3.155210787344903665e-05
2.650261319999999978e+04,2.994093066313473740e-05
2.653339439999999740e+04,4.161319964884126503e-05
2.656417559999999867e+04,8.806619009672790306e-05
2.659495679999999993e+04,5.655632016663393954e-05
2.662573799999999756e+04,1.139559252088512259e-04
2.665651919999999882e+04,7.767330959088280986e-05
2.668730040000000008e+04,6.824665716123728943e-05
2.671808159999999771e+04,1.358391386249934406e-04
2.674886279999999897e+04,1.864943707781999930e-04
2.677964400000000023e+04,2.110284074155201705e-04
2.681042519999999786e+04,1.553598904259549619e-04
2.684120639999999912e+04,1.711798841386545232e-04
2.687198759999999675e+04,1.568570915315794004e-04
2.690276879999999801e+04,1.288006200973363399e-04
2.693354999999999927e+04,1.477711512442527635e-04
2.696433119999999690e+04,6.735958122125259456e-05
2.699511239999999816e+04,4.439377632054131222e-05
2.702589359999999942e+04,6.696933734669746716e-05
2.705667479999999705e+04,7.432499943291228620e-05
2.708745599999999831e+04,1.053772637142169177e-04
2.711823719999999958e+04,2.509249567542081111e-04
2.714901839999999720e+04,1.077361791779032300e-03
2.717979959999999846e+04,1.196152920082700589e-03
2.721058079999999973e+04,4.229472515775647306e-04
2.724136199999999735e+04,7.174568805884727965e-04
2.727214319999999861e+04,6.269645973310166093e-04
2.730292439999999988e+04,1.886967482296105913e-04
2.733370559999999750e+04,1.512411488583443361e-04
2.736448679999999877e+04,1.094773014558297631e-04
2.739526800000000003e+04,1.065086813285324422e-04
2.742604919999999765e+04,8.119506545867497709e-05
2.745683039999999892e+04,7.703730006902842335e-05
2.748761160000000018e+04,6.595856868688138009e-05
2.751839279999999781e+04,6.270475346049106218e-05
2.754917399999999907e+04,2.139208549410232817e-05
2.757995519999999669e+04,3.639543299012508405e-05
2.761073639999999796e+04,4.866357994439806517e-05
2.764151759999999922e+04,4.297604526720066957e-05
2.767229879999999685e+04,4.450263686084319765e-05
2.770307999999999811e+04,2.380082570182874465e-05
2.773386119999999937e+04,3.831256973450609569e-05
2.776464239999999700e+04,5.886080503025186740e-05
2.779542359999999826e+04,6.229626105390483981e-05
2.782620479999999952e+04,3.731127894401354699e-05
2.785698599999999715e+04,3.521341743128740174e-05
2.788776719999999841e+04,7.531656952084607351e-05
2.791854839999999967e+04,8.826440431731523103e-05
2.794932959999999730e+04,5.857386688365419857e-05
2.798011079999999856e+04,4.607113234915629241e-05
2.801089199999999983e+04,8.119445073452816078e-05
2.804167319999999745e+04,6.782659546963177135e-05
2.807245439999999871e+04,3.070667039951553067e-05
2.810323559999999998e+04,9.385620466281648338e-05
2.813401679999999760e+04,9.649431813279175864e-05
2.816479799999999886e+04,3.322629485649110782e-04
2.819557920000000013e+04,3.324049189651896003e-04
2.822636039999999775e+04,1.084788210263363818e-04
2.825714159999999902e+04,1.648115972185940005e-04
2.828792280000000028e+04,1.814886251449929493e-04
2.831870399999999790e+04,2.288096268813287251e-05
2.834948519999999917e+04,9.746836480574276257e-06
2.838026639999999679e+04,1.448755779587656084e-05
2.841104759999999806e+04,1.997814792135404354e-05
2.844182879999999932e+04,8.766992237254342591e-06
2.847260999999999694e+04,2.314870519622801086e-05
2.850339119999999821e+04,3.127612985690959158e-05
2.853417239999999947e+04,1.002255403502007785e-05
2.856495359999999710e+04,1.799065116037740087e-05
2.859573479999999836e+04,2.513745010599943201e-05
2.862651599999999962e+04,2.839122837553073589e-05
2.865729719999999725e+04,4.841995957630183220e-05
2.868807839999999851e+04,2.722484877429313428e-05
2.871885959999999977e+04,3.802898448556564265e-05
2.874964079999999740e+04,1.964365112442941332e-05
2.878042199999999866e+04,2.113344980307681689e-05
2.881120319999999992e+04,1.574087110286446819e-05
2.884198439999999755e+04,4.620683681682180073e-05
2.887276559999999881e+04,7.473867074913655986e-05
2.890354680000000008e+04,7.342069389428652415e-05
2.893432799999999770e+04,1.476324777454311591e-04
2.896510919999999896e+04,9.645086731724573275e-05
2.899589040000000023e+04,8.490893787374771998e-05
2.902667159999999785e+04,1.643511874024806583e-04
2.905745279999999912e+04,6.498664571520854755e-05
2.908823399999999674e+04,6.179376920620485811e-05
2.911901519999999800e+04,1.944174880904011638e-05
2.914979639999999927e+04,1.269655066320361569e-05
2.918057759999999689e+04,1.823651521060969910e-05
2.921135879999999815e+04,4.026640661952138263e-05
2.924213999999999942e+04,2.836634547502636273e-05
2.927292119999999704e+04,5.763828149801611953e-05
2.930370239999999831e+04,1.089341806234978997e-04
2.933448359999999957e+04,2.638401292817120123e-04
2.936526479999999719e+04,3.247017614039015643e-04
2.939604599999999846e+04,5.599579357061434601e-04
2.942682719999999972e+04,2.152664896454758395e-04
2.945760839999999735e+04,9.154002666008240695e-05
2.948838959999999861e+04,3.353765380923265241e-05
2.951917079999999987e+04,4.338622232585896357e-05
2.954995199999999750e+04,3.099363867260143121e-05
2.958073319999999876e+04,4.401280010036928410e-05
2.961151440000000002e+04,1.330259293047326345e-04
2.964229559999999765e+04,6.807853951823859145e-05
2.967307679999999891e+04,3.551349040301592905e-05
2.970385800000000017e+04,1.178867246556699185e-05
2.973463919999999780e+04,7.307202360035577273e-06
2.976542039999999906e+04,1.873963540754414616e-06
2.979620159999999669e+04,3.225331098932862163e-06
2.982698279999999795e+04,3.515914923375650330e-06
2.985776399999999921e+04,4.242313495279952390e-06
2.988854519999999684e+04,5.051942758357290526e-06
2.991932639999999810e+04,4.266931222131003531e-06
2.995010759999999937e+04,4.497353383066452604e-06
2.998088879999999699e+04,6.972948892001234641e-06
3.001166999999999825e+04,1.001075145977135070e-05
3.004245119999999952e+04,9.113465674299348925e-06
3.007323239999999714e+04,1.696412693868589003e-05
3.010401359999999841e+04,5.310331722632217224e-06
3.013479479999999967e+04,4.286031866282785653e-06
3.016557599999999729e+04,6.045405384233395493e-06
3.019635719999999856e+04,5.783867603493119834e-06
3.022713839999999982e+04,6.794033717981340080e-06
3.025791959999999744e+04,5.630035480907761235e-06
3.028870079999999871e+04,5.320293226090416009e-06
3.031948199999999997e+04,7.612890226447841041e-06
3.035026319999999760e+04,1.299565086482445062e-05
3.038104439999999886e+04,7.918376638117816807e-05
3.041182560000000012e+04,8.680900413493431301e-05
3.044260679999999775e+04,2.303739253708491188e-05
3.047338799999999901e+04,2.447024008298140653e-05
3.050416919999999664e+04,5.016226006891883886e-05
3.053495039999999790e+04,4.571627794213678855e-05
3.056573159999999916e+04,3.079019214474890489e-05
3.059651279999999679e+04,2.896875383720047458e-05
3.062729399999999805e+04,3.573792451586625441e-05
3.065807519999999931e+04,5.857675107187743096e-05
3.068885639999999694e+04,2.282483121744731619e-04
3.071963759999999820e+04,1.452004319168102115e-04
3.075041879999999946e+04,8.898068259307560096e-05
3.078119999999999709e+04,1.473621640910267937e-04
3.081198119999999835e+04,1.751059180502215890e-04
3.084276239999999962e+04,1.337693759343162284e-04
3.087354359999999724e+04,4.207939194124269371e-05
3.090432479999999850e+04,3.694239411688910759e-05
3.093510599999999977e+04,4.297696666764803762e-05
3.096588719999999739e+04,1.048407343598226727e-04
3.099666839999999866e+04,1.767014149027261634e-04
3.102744959999999992e+04,7.176191921651556022e-05
3.105823079999999754e+04,6.695941899677962134e-05
3.108901199999999881e+04,8.883944985875051907e-05
3.111979320000000007e+04,9.532959655140368850e-05
3.115057439999999769e+04,2.753044341260405754e-05
3.118135559999999896e+04,8.521558044797639624e-06
3.121213679999999658e+04,1.113855534686526785e-05
3.124291799999999785e+04,1.472934860141676156e-05
3.127369919999999911e+04,5.224219259316878136e-05
3.130448039999999673e+04,1.242723588253807401e-05
3.133526159999999800e+04,8.164869788878213554e-06
3.136604279999999926e+04,1.993029284020419409e-05
3.139682399999999689e+04,2.548517223423452165e-05
3.142760519999999815e+04,6.144349043316241178e-05
3.145838639999999941e+04,3.500994061186725421e-05
3.148916759999999704e+04,4.841530716656576588e-05
